12 xEGBBxDEGHI.DAAHIK.FCCJK.F..J.x....x 7480 764,698,1876,1485,983,441,330,239,233,251,144,32,4
12 x....xEBBG.HEAAG.HCCFG....FDD.x....x 2294 404,130,299,196,175,169,146,155,178,200,177,64,1
12 x....x..HBBJAAHI.JFCCIDDFG....xGEE.x 386 22,31,73,50,47,78,33,8,8,14,12,8,2
11 xFBB.xEF.ICCEAAI.J.GHDDJ.GH...x.H..x 4199 864,864,1428,474,478,37,7,12,14,12,7,2
20 xBBI.x...ICCAAH...FGHDDKFGEEJKx...Jx 14832 3174,2812,5156,1715,909,231,110,69,46,39,36,33,50,57,106,96,87,59,33,13,1
13 xFBB.xEF.H..EAAH..CCC..I..GDDIx.G..x 4561 698,375,774,422,346,226,179,231,355,453,319,131,39,13
20 xBBI.x..HICCAAH...FGDDDJFGEE.Jx....x 8675 1165,832,1344,643,543,387,272,391,619,880,813,441,126,69,43,33,23,20,19,10,2
12 xBBH.x..GH..AAG..IFCCDDIFEEE..x....x 329 19,27,54,21,39,24,32,32,17,23,20,16,5
15 xBBHIx..GHI.AAG..JFCCDDJFEEE..x....x 537 23,33,70,31,47,26,39,45,47,30,29,32,37,25,18,5
15 xBB.Ix..H.I.AAH..JFCCDDJFGEEE.xG...x 1117 87,121,255,120,105,81,70,63,34,40,44,44,26,11,10,6
18 xBB..xCCDD.JG.HAAJG.HIEE..HIFFx....x 1748 223,191,273,122,116,34,20,12,15,19,16,30,64,115,168,159,113,52,6
