11 x.BB.x...F...AAF..CCCF....E...x.EDDx 137 56,7,5,12,9,13,8,6,6,5,6,4
13 x.BB.x...F...AAFG.CCCFG...E...x.EDDx 358 66,14,16,30,42,42,44,21,13,12,14,18,18,8
12 x.BB.x...G...AAG..CCCG....FDD.x.FEEx 516 219,21,15,40,37,49,41,29,20,16,16,11,2
14 x.BB.x...G...AAGH.CCCGH...FDD.x.FEEx 1085 166,28,32,64,104,131,153,135,82,40,38,40,40,26,6
14 x.EBBx..E.H.AAF.H...FGCC...G..xDDG.x 496 91,16,18,36,56,62,57,38,25,12,22,24,21,11,7
17 x.FBBx..F.I..AAHI...GHCC..GHDDxEE..x 999 108,18,18,38,64,81,85,66,81,84,88,60,42,47,59,41,15,4
13 x.EBBx..E.F..AA.FHCCC.GH....G.x..DDx 560 24,24,48,4,8,12,20,26,66,108,92,76,44,8
13 x..BBx....F..AA.FGCCC.FG..E...x.EDDx 604 16,28,84,84,84,72,38,14,14,14,32,60,48,16
14 x.EBBx..E.G..AAFGICCCFHI....H.x.DD.x 1211 66,32,64,4,8,12,24,35,92,183,235,229,141,70,16
15 x..BBx....G..AAFGHCCCFGH..E...x.EDDx 1246 44,32,100,118,154,180,155,104,43,17,17,46,90,88,46,12
13 x.EBBx..EF...AAF.HCCCG.H...G..x.DD.x 209 37,6,12,1,2,3,4,9,17,29,41,26,18,4
14 x.EBBx..EFH..AAFHICCCG.I...G..x.DD.x 731 86,16,32,2,4,6,11,20,44,83,132,138,89,56,12
15 x.EBBx..EFH..AAFHJCCCGIJ...GI.x.DD.x 599 39,10,20,1,2,3,7,11,29,65,107,126,91,57,25,6
13 x.BB.x...F...AAF.GCCCF.G..E...x.EDDx 252 37,7,19,22,33,30,29,12,6,6,11,16,16,8
15 x.BB.x...F...AAFGHCCCFGH..E...x.EDDx 864 60,14,44,62,102,125,122,93,31,13,12,26,46,54,44,16
15 x.BB.x...FG..AAFGHCCCFGH..E...x.EDDx 599 24,7,25,40,69,95,93,79,20,6,6,15,30,38,36,16
15 x.EBBx..E.G..AAFGICCCFHI....H.x.DDDx 560 33,13,26,1,2,3,7,11,28,61,100,117,84,51,17,6
14 x.FBBx..F.G..AA.GICCC.HI.DD.H.x..EEx 1672 72,72,144,12,16,12,20,42,106,256,340,272,196,96,16
14 x..BBx....G..AA.GHCCC.GH..FDD.x.FEEx 1962 48,84,252,264,310,274,198,92,46,42,60,110,116,54,12
16 xBB.Hx..F.H...FAAICCCG.I...GDDx.EE.x 6702 514,288,778,732,921,1091,1130,867,307,32,8,6,4,6,8,6,4
15 x.FBBx..F.H..AAGHJCCCGIJ.DD.I.x.EE.x 3232 178,76,152,10,14,12,24,47,130,323,567,677,560,308,130,24
16 x..BBx....H..AAGHICCCGHI..FDD.x.FEEx 3613 116,68,208,244,356,488,516,496,345,141,58,84,159,184,109,36,5
18 xBBG.x..FG....FAAICCCH.I...HDDx.EE.x 554 80,12,24,2,3,3,4,11,22,49,83,87,64,50,30,17,8,3,2
16 x.FBBx..FGI..AAGIKCCCHJK.DDHJ.x.EE.x 1280 83,20,40,2,3,3,7,13,36,91,181,259,247,164,91,34,6
14 x.BB.x...G...AAG.HCCCG.H..FDD.x.FEEx 832 116,14,38,48,88,108,120,96,55,20,23,34,38,26,8
16 x.BB.x...G...AAGHICCCGHI..FDD.x.FEEx 2503 152,28,88,128,228,319,376,366,264,124,40,50,86,108,92,46,8
16 x.BB.x...GH..AAGHICCCGHI..FDD.x.FEEx 1669 60,14,50,82,151,231,267,276,182,75,20,27,52,70,66,38,8
16 x.FBBx..F.H..AAGHJCCCGIJ.DD.I.x.EEEx 1608 93,33,66,3,4,3,7,15,42,112,232,328,320,208,102,32,8
16 x.BB.x..G.....GAAI.CCC.I.DDHEExFFH.x 2140 186,39,86,105,99,88,87,157,265,341,309,177,91,57,37,14,2
18 x.BBIx..G.I...GAAJCCCH.J.DDHEEx.FF.x 4199 110,39,101,141,172,168,186,231,412,611,715,631,388,192,61,20,12,7,2
23 x....xFBBB.IFAAH.ICCGH....GDD.x.GEEx 426 16,13,30,50,36,30,33,29,23,15,13,10,10,9,13,16,20,13,10,10,11,7,5,4
24 xG...xFGBBBJFAAI.JCCHI....HDD.x.HEEx 928 44,34,76,123,77,55,61,56,55,44,42,35,28,28,24,18,13,18,16,21,22,22,10,4,2
14 x..BBx.CC.G..AA.GHDDD.GH..F...x.FEEx 1078 16,28,84,84,84,72,38,14,30,42,60,128,194,156,48
18 x..BBx...GCC.AAGHI.DDDHI..F.H.x.FEEx 1821 44,32,100,118,154,180,155,104,51,37,34,63,140,204,202,137,52,12,2
15 x.BB.x...GCC.AAG.HDDDG.H..F...x.FEEx 389 37,7,19,22,33,30,29,12,8,12,17,29,44,50,32,8
17 x.BB.x...GCC.AAGHIDDDGHI..F...x.FEEx 1250 60,14,44,62,102,125,122,93,33,20,25,38,74,113,135,118,60,12
17 x.BB.x...GCC.AAGHIDDDGHI..F.H.x.FEEx 846 24,7,25,40,69,95,93,79,20,8,12,21,46,75,96,88,42,6
15 x..BBx.CC.H..AA.HIDDD.HI..GEE.x.GFFx 2940 48,84,252,264,310,274,198,92,78,110,144,234,362,330,136,24
18 x.BB.x...HCC.AAH..DDDH.I..GEEIx.GFFx 1135 116,14,38,48,88,108,120,96,58,33,43,59,86,99,73,30,12,10,4
20 x.BB.x...HCC.AAHI.DDDHIJ..GEEJx.GFFx 3221 152,28,88,128,228,319,376,366,267,135,68,90,138,209,246,213,116,33,10,8,3
10 x.BB.x..E..G..EAAG...FCC...F..xDDF.x 918 138,29,87,120,177,141,83,39,49,43,12
11 x.BB.x...FGH.AAFGH..EFCC..E...x.DD.x 3174 306,72,246,396,620,646,431,199,102,96,52,8
12 xBB.Hx..E.H.AAE..I..FCCI..FG..xDDG.x 1927 131,82,245,272,345,352,233,86,78,59,28,8,8
14 xBB.Hx..E.H.AAE.HI..FCCI..FG..xDDG.x 1160 37,26,84,112,158,186,171,133,110,73,28,26,10,2,4
16 xBB..x..E..H..EAAH..FGCC..FG..xDDG.x 396 69,8,22,26,45,52,47,30,19,10,14,15,16,11,8,2,2
15 x.EBBx..E.HIAAF.HI..FGCC...G..xDDG.x 1124 91,16,50,72,128,174,181,152,99,52,20,26,24,21,11,7
23 x.HBBx..HICC.AAI...DDD.J.EEFFJx.GG.x 4076 222,63,138,205,205,221,182,213,293,349,309,183,116,92,75,88,128,195,246,250,182,89,28,4
11 xBBF.x..EF.HAAE..H..ECC....G..xDDG.x 396 69,14,34,26,41,49,42,29,18,26,34,14
11 x.BB.x..F..H..FAAH...GCC.DDG..xEEG.x 2726 360,46,132,178,319,402,417,293,256,178,107,38
12 x.FBBx..FGHI.AAGHI...GCC.DD...x.EE.x 8131 693,112,360,546,958,1294,1377,1110,730,517,285,119,30
19 xBB..x..F..I..FAAI..GHCC..GHDDxEEH.x 889 117,9,24,27,51,71,80,68,88,88,65,35,33,40,43,30,11,5,2,2
18 x.FBBx..F.IJ.AAHIJ..GHCC..GHDDxEE..x 2110 108,18,54,74,140,207,237,218,175,188,185,169,99,58,57,63,41,15,4
18 xBBG.x..FG....FAAI..FCCI...HDDxEEH.x 889 117,19,44,28,50,79,92,78,64,78,88,60,27,32,20,7,2,2,2
16 x..BBxF..CC.FAA.HIDDD.HI..G.H.x.GEEx 1269 16,26,74,62,50,38,26,14,30,48,84,116,169,234,192,82,8
11 x.GBBxCCGH..FAAH.IFDDD.I......xEE..x 1014 156,108,224,133,114,68,53,61,37,36,16,8
13 x.GBBxCCGH..FAAHIJFDDDIJ......xEE..x 2245 211,144,400,358,269,195,123,131,135,101,92,46,32,8
12 x.GBBxCCGH..FAAH.IFDDD.I......xEEE.x 268 40,8,16,4,8,18,24,32,38,30,30,12,8
14 x.GBBxCCGH..FAAHIJFDDDIJ......x.EEEx 608 64,16,32,6,12,27,46,62,81,81,71,60,28,18,4
17 xF.BBx.F.CC.AA..HIDDD.HI..G.H.x.GEEx 1370 8,14,42,48,56,46,34,20,34,58,115,189,242,218,106,72,52,16
12 x.GBBxCCG.I..FAAIJ.FDDDJ...H..xEEH.x 178 4,4,8,4,8,24,34,35,27,15,8,5,2
18 xG.BBxFG.CC.FAA.IJDDD.IJ..H.I.x.HEEx 2002 8,13,37,36,36,24,22,20,34,60,129,225,312,339,324,191,121,59,12
13 x.HBBxCCH.J.FGAAJKFGDDDK...I..xEEI.x 359 8,8,16,8,16,46,74,72,53,28,13,8,7,2
12 x.HBBxCCH.J..GAAJK.GDDDK...I..xEEIFF 178 4,4,8,4,8,24,34,35,27,15,8,5,2
13 x.IBBxCCI.K.GHAAKLGHDDDL...J..xEEJFF 359 8,8,16,8,16,46,74,72,53,28,13,8,7,2
09 xBBG.x..EG..AAE..I..FCCI..F.H.x.DDHx 145 5,8,18,14,18,22,21,20,13,6
15 xBB.Ix..F.I.AAF.IJ.EGCCJ.EGH..xDDH.x 945 16,9,30,48,85,121,141,137,120,89,58,45,30,10,2,4
19 xBB.Jx..G.J.AAG.JKEFHCCKEFHI..xDDI.x 555 16,8,22,20,24,24,30,44,44,36,42,49,34,29,42,45,30,10,2,4
13 x.BB.x.CCDD..AAH..EEEH....GH..x.GFFx 259 100,14,8,19,13,17,8,8,12,11,14,20,13,2
12 x.FBBx..FCCH.AAG.H...GDD...G..x.EE.x 2726 438,117,306,376,512,386,198,69,94,123,86,20,1
12 x.BB.x..CCHI.AAGHI..FGDD..FG..x.EE.x 8131 845,268,808,1142,1590,1502,924,382,184,226,186,71,3
12 x.BB.x.CCGHJ.AAGHJ..FGDD..F.I.x.EEIx 5015 243,68,272,549,929,1093,887,501,213,126,88,40,6
19 xBB..x..FCCI..FAAI..GHDD..GH..xEEH.x 889 180,24,56,62,100,111,100,73,46,17,19,19,25,15,15,12,8,3,2,2
13 xBB..x..FCCIAAFG.I..FGDD...H..xEEH.x 889 180,37,77,63,92,101,88,67,43,45,54,32,8,2
15 x..BBx.CCHI..AAHIJDDEEIJ..G...x.GFFx 1168 4,7,21,18,14,14,12,39,88,153,223,235,177,115,44,4
16 x..BBx.CCIJ..AAIJKDDEEJK..HFF.x.HGGx 3509 8,14,42,36,28,28,22,64,152,338,614,758,669,459,220,54,3
13 x.GBBx..GCCI.AAH.I...HDD.EEH..x.FF.x 7182 1020,174,432,518,832,940,883,624,646,502,359,190,59,3
22 xBB..x..GCCJ..GAAJ..HIDD..HIEExFFI.x 1828 285,27,61,65,114,148,156,137,162,156,134,88,61,56,55,52,23,16,14,11,3,2,2
19 xBBH.x.CCH....GAAJ..GDDJ..GIEExFFI.x 1826 285,47,92,66,108,152,171,156,134,145,161,126,46,52,42,27,9,3,3,1
16 xBB..x..HCCJ..HAAJ.DDIEEFFFI..xGGG.x 1620 138,30,60,44,22,30,40,110,188,276,322,210,72,28,24,22,4
19 xBB..x..HCCK..HAAK.DDIEEFFFIJ.xGGGJx 2568 90,30,60,44,22,30,64,134,266,388,446,425,262,146,83,35,24,14,3,2
14 x.FBBx..FGH..AAGHICCDDHI......x.EE.x 722 4,7,21,18,14,14,12,31,56,107,146,139,88,51,14
09 x.GBBx..GH.I.AAH.I.CC.DD.EE...xFFF.x 1746 168,48,112,144,190,274,324,292,156,38
10 x.GBBx..GHIJ.AAHIJ.CC.DD.EE...xFFF.x 3252 199,70,172,209,314,467,595,590,427,173,36
15 xBB..x..G..I..GAAI.CCHDDEEEH..xFFF.x 1122 114,24,48,34,16,16,22,68,128,202,244,144,38,10,10,4
17 xBB..x..G..J..GAAJ.CCHDDEEEHI.xFFFIx 1960 72,24,48,34,16,16,34,82,180,290,354,365,240,129,48,19,7,2
11 x.FBBx..FG...AAG.ICCDDDI....H.xEE.Hx 110 10,2,4,2,6,6,8,16,18,18,16,4
11 x.FBBx..F.H..AA.HICCDDDI...G..xEEG.x 76 2,2,4,2,6,6,10,11,11,10,8,4
11 x.GBBx..G.I..AA.IJCCDDDJ...H..xEEHFF 76 2,2,4,2,6,6,10,11,11,10,8,4
12 x.GBBx..GH...AAH.JCCDDDJ.EE.I.xFF.Ix 290 30,6,12,6,14,6,8,24,34,54,52,36,8
12 x.GBBx..G.I..AA.IJCCDDDJ.EEH..xFFH.x 135 4,4,8,4,10,6,10,15,19,21,18,12,4
12 x.HBBx..H.J..AA.JKCCDDDK.EEI..xFFIGG 135 4,4,8,4,10,6,10,15,19,21,18,12,4
16 x.BB.x.CCC.IAAGH.I..GHDDEEEH..xFF..x 762 116,26,42,27,45,63,80,80,50,32,31,18,29,42,37,32,12
16 xBB..xCCDD.J..HAAJ..HIEE..HIFFxGG..x 4717 744,342,575,362,501,618,472,328,217,161,124,87,66,52,38,22,8
15 x.BB.xCCDD.K.AAJ.K..IJEEFFIGG.x.HH.x 7480 800,152,230,435,618,942,1076,1000,715,408,257,198,229,242,150,28
12 x.BB.x.CCG...AAG..DDDG....F...x.FEEx 378 150,21,13,31,22,30,16,14,18,16,19,20,8
15 x.BB.x...GCC.AAGH.DDDGH...F...x.FEEx 520 70,14,16,30,42,42,44,23,20,25,26,34,47,51,30,6
11 xFBB.xEF.I..EAAI...GHCCC.GH...xDDD.x 560 412,74,2,3,8,9,11,12,12,10,5,2
13 xFBBJxEF.IJ.EAAI...GHCCC.GH...xDDD.x 178 46,14,8,5,6,11,11,13,14,16,15,12,5,2
13 x.BB.x.CCH...AAH..DDDH....GEE.x.GFFx 1329 549,63,39,101,86,110,82,63,57,52,52,50,23,2
17 x.BB.x...HCC.AAHI.DDDHI...GEE.x.GFFx 1439 174,28,32,64,104,131,153,138,93,68,78,80,93,99,68,25,8,3
17 xBB..xCCDD.K..IAAK..IJEEFFIJGGx.HH.x 2744 334,46,64,115,165,274,351,366,292,172,92,57,63,79,98,104,56,16
13 x.HBBxCCHDD.GAAJ..GEEJ....IJ..x.IFFx 423 248,30,13,28,28,21,20,14,4,6,4,3,3,1
21 xBB..xCCDD.J.AAI.J..HIEE..HFFFx.HGGx 1422 248,68,93,10,12,22,16,46,96,156,207,185,99,31,15,9,15,18,27,29,16,4
11 xBB..x.CC...AAF.....FDDD..FG..xEEG.x 378 150,72,11,27,22,30,16,12,11,7,12,8
12 xBB..x..GCC.AAG.....GDDD.EEH..xFFH.x 1329 549,213,33,85,78,110,82,59,41,27,29,21,2
12 xBB..x.CCDD.AAG.....GEEE..GH..xFFH.x 259 100,55,7,17,13,17,8,7,8,5,9,11,2
14 x.FBBx.EF.G..EAAGICCC.HI....H.x..DDx 1048 58,58,116,16,32,32,48,51,87,138,146,132,96,34,4
14 x..BBx.E..G..EAAGHCCC.GH..F...x.FDDx 1128 36,58,166,148,128,86,53,27,33,42,71,108,112,52,8
15 x.FBBx.EF.H..EAAHJCCCGIJ...GI.x.DD.x 1748 142,63,126,14,28,26,44,48,82,145,231,294,247,168,72,18
20 xBB.Hx..G.H.AAG.IJCCC.IJ.F.DD.xF.EEx 2167 138,138,276,36,46,14,18,28,56,144,222,245,239,192,111,68,56,52,40,36,12
15 x..BBx.F..H..FAAHICCC.HI..GDD.x.GEEx 2784 92,146,414,370,380,266,187,112,75,81,108,161,182,148,56,6
11 xBB.Ix..F.I.AAF....EGCC..EGH..xDDH.x 1600 325,177,146,178,181,156,97,129,108,73,26,4
19 xBB..x....H..AAGH.CCFGH..EF...xEDDDx 852 94,49,63,103,83,44,19,12,9,6,9,16,30,42,42,45,54,59,49,24
12 xFBB.xEF.I.JEAAI.J.GHCCC.GH...xDDD.x 403 151,26,54,18,34,30,19,20,18,15,11,5,2
14 xFBBJxEF.IJKEAAI.K.GHCCC.GH...xDDD.x 310 46,14,36,21,15,19,26,25,26,23,21,18,13,5,2
23 xBBCC.G..JDDGAAJKLEEIJKL.HI...xHFF.x 4041 294,112,140,171,209,137,114,90,61,49,79,148,233,282,290,282,262,258,256,230,153,117,62,12
16 xBBCCK.DDIJK.AAIJ..EEIFF..H...x.HGGx 1002 48,24,42,65,81,67,59,41,28,30,51,99,137,128,75,24,3
17 xBBCCL.DDJKL.AAJK..EEJFF..IGG.x.IHHx 2446 88,32,50,79,109,103,105,93,88,102,146,246,367,391,282,128,33,4
12 xBBCC..F..J..FAAJ..GHIDD.GHI..x.EE.x 1236 522,282,110,82,56,51,41,41,21,14,10,5,1
12 xBBCC.FG..K.FGAAK..HIJDD.HIJ..xEE..x 2624 1306,674,142,75,51,76,72,75,53,46,30,19,5
13 xBBCC.FG..J.FGAAJ...IDD..HI...xHEEEx 568 180,223,14,1,3,5,9,13,20,26,28,22,16,8
15 xBBCC.FG..K.FGAAK...IJDD.HIJ..xHEEEx 676 357,139,24,12,3,3,5,11,17,25,21,20,16,11,8,4
13 xBBCC..G..J..GAAJ..DDIEE..HI..x.HFFx 1086 326,182,50,59,76,92,115,91,44,24,15,7,4,1
15 xBBCC..H..K..HAAK..DDJEE..IJFFx.IGGx 1402 608,249,16,26,37,37,42,66,113,99,53,29,14,8,4,1
17 x.GBBx..G.CCAAG.IJ.FDDIJ.F.H..xEEH.x 8675 1287,731,1538,1014,1130,1161,763,307,189,126,120,106,77,45,33,30,14,4
13 xBB.Ix..F.I.AAF..J.EGCCJ.EGH..xDDH.x 3500 325,177,500,470,533,494,336,181,191,142,91,36,16,8
14 xBB..x..F...AAF..I.EFCCI.E.GH.xDDGHx 4780 692,330,774,473,581,683,512,244,178,133,94,42,28,8,8
21 xBB..x....H..AAGHICCFGHI.EF...xEDDDx 2106 94,49,161,229,289,209,101,36,16,10,6,9,16,30,46,64,97,140,167,167,122,48
23 xBBH.x.F.HI..FAAIJCCG.IJ..GDD.xEE..x 10015 537,276,817,820,901,974,902,634,369,224,113,56,50,58,88,166,295,496,713,724,490,231,69,12
18 x.HBBxEFH.J.EFAAJLCC.IKL.G.IK.xG.DDx 1951 60,76,170,104,117,129,150,168,162,155,131,119,105,94,91,70,37,11,2
16 xBB.JxEFH.JKEFHAAK.G.ICC.G.I..xDDD.x 2607 603,181,433,239,112,85,104,115,122,120,112,117,113,96,39,12,4
19 xG.BBx.G.CC.AA..IJDDEEIJ..H.I.x.HFFx 1030 4,7,21,24,28,24,26,46,96,136,144,134,90,30,16,42,56,60,38,8
25 xBB..x.H.CC..HAAJKDDEEJKFFI.J.x.IGGx 1798 4,7,21,27,44,45,50,64,104,176,234,229,164,82,32,32,69,77,66,47,39,45,56,48,28,8
10 xBB..x..E...AAE.....ECCC...F..xDDF.x 137 56,23,4,10,9,13,8,5,3,2,4
11 xBB..x..F...AAF.....FCCC.DDG..xEEG.x 516 219,72,12,32,33,49,41,27,13,7,9,2
12 x.BBBx...F.H.AAF.H..ECCC..E.G.x.DDGx 879 85,38,100,75,68,41,28,54,114,162,98,15,1
14 x.BBBx..EFG.AAEFGI.CCCHI....H.x.DD.x 444 27,10,20,1,2,3,5,8,20,49,88,105,71,30,5
15 x.BBBx..FGH.AAFGHJ.CCCIJ.DD.I.x.EE.x 1166 71,20,40,2,3,3,5,10,25,71,158,262,272,161,55,8
10 xBBB.x..FG..AAFG.HECCC.HE.....xDD..x 176 18,6,16,12,18,26,18,14,16,16,16
23 xBB..x.G.CC..GAAIJDDD.IJEEH.I.x.HFFx 2081 8,14,42,54,88,88,84,66,56,80,124,216,288,260,182,83,37,23,26,52,70,76,48,16
17 xBBJ....HJCCAAHJ..G.IDDKG.IEEKxFF..x 374 53,7,15,21,14,15,19,21,24,28,33,35,30,29,16,8,4,2
21 xBBH.x..GHCCAAG..JF.GDDJF...I.x.EEIx 1830 98,58,138,128,140,201,183,149,122,94,66,41,60,88,74,35,36,49,44,16,8,2
22 xBBH.x.CCH.KAAGI.KF.GIDDF.G.J.x.EEJx 514 21,7,14,7,7,14,5,12,29,36,44,37,39,33,24,26,26,29,29,32,29,12,2
18 xBB.Ix.CC.I.AAG..K.FGDDK.FGHJ.xEEHJx 2170 93,65,209,254,282,259,212,141,85,54,46,55,84,105,98,65,35,20,8
23 xBBH.x.CCH.KAAGI.K..GIDD.FG.J.xFEEJx 537 18,6,12,6,6,12,10,10,25,44,62,63,55,40,23,19,8,8,19,33,31,17,8,2
18 x.HBBx..H.CCAAH.JKFGDDJKFG.I..xEEI.x 3164 262,149,347,296,282,399,398,276,192,103,58,58,84,95,78,39,30,14,4
21 xBBG.x..FG.JAAFH.JE.FHCCE...I.x.DDIx 367 18,6,12,6,6,12,3,7,17,22,28,25,26,21,16,22,26,29,27,22,12,4
18 xFBB.x.FGH..AAGH.JE.GCCJE...I.xDD.Ix 2646 297,140,312,234,186,260,223,151,131,84,80,90,113,93,76,78,46,32,20
18 x.GBBx..G.CCAAG.IJDDEEIJ...H..xFFH.x 1218 41,25,63,71,95,137,142,127,99,55,34,47,63,66,59,41,31,18,4
10 xBBCC..F..IJ.FAAIJ..GHDD..GH..xEE..x 6742 938,587,1378,1199,994,696,467,298,145,34,6
22 xBBH.x.CCH.KAAGI.KDDGIEE..G.J.x.FFJx 399 9,3,6,3,3,6,2,6,17,27,38,37,40,35,25,21,10,11,23,33,29,13,2
17 xBB.Hx..F.H.AAF..J.EFCCJ.E.GI.xDDGIx 1140 49,30,92,109,139,144,123,78,41,27,30,43,63,68,54,30,12,8
22 xBBG.x..FG.JAAFH.J..FHCC.E..I.xEDDIx 368 20,6,12,6,6,12,7,6,14,25,38,41,37,26,15,15,8,8,17,23,14,8,4
19 x.HBBx..H.CCAAH.JKDDEEJK.FFI..xGGI.x 3176 94,50,126,178,235,336,398,407,362,248,130,97,125,121,89,61,60,33,22,4
14 xFHBBx.FH...AAHI.JECCI.JEG....xGDD.x 950 60,60,120,51,51,102,93,86,53,58,70,63,59,20,4
19 xFBB.x.FHI..AAHI.KE.HCCKEG..J.xGDDJx 972 24,24,48,24,24,48,48,49,45,64,79,84,82,63,62,58,54,52,32,8
22 xBB..x..HCCLAAHI.LDDHIEE.FFJK.xGGJKx 824 12,4,8,4,4,8,2,6,17,28,46,61,80,88,84,83,69,53,45,51,41,22,8
12 x.EBBx..EG..AAFG.H..FCCH..F...xDD..x 69 1,1,2,1,1,2,1,4,8,10,16,10,12
13 x.FBBx..FH..AAGH.I..GCCI.EG...xEDD.x 206 4,4,8,4,4,8,6,13,23,27,38,31,28,8
15 xBB..x..F...AAF..ICCFDDI...GH.xEEGHx 680 25,14,35,40,55,79,83,77,64,35,24,41,53,37,10,8
21 xBBG.x..FG.JAAFH.JCCFHDD....I.x.EEIx 263 6,2,4,2,2,4,1,3,9,16,24,25,27,23,17,17,10,11,21,23,12,4
16 xBB..x..G...AAG..JCCGDDJ.EEHI.xFFHIx 2045 66,32,78,106,142,211,256,274,258,184,98,81,110,91,40,14,4
22 xBBH.x..GH.KAAGI.KCCGIDD.EE.J.x.FFJx 588 9,3,6,3,3,6,1,3,9,17,32,49,63,64,60,62,48,36,38,38,24,11,3
09 x.BBBx.CCGH.AAFGHJ..FDDJ....I.xEE.Ix 4355 168,161,595,945,1085,775,402,169,48,7
10 xBBB.x.CC..H..FAAH..FGDD...G..xEEE.x 1372 208,124,316,232,144,76,56,60,76,64,16
10 xBBB.x.CC.HI.AAGHI..FGDD..F...xEEE.x 3426 336,220,666,752,624,320,138,102,124,108,36
11 x.BBBx.CC.HJ.AAGHJ..FGDD..F.I.xEEEIx 1766 74,51,198,342,427,323,166,74,45,38,22,6
18 xGBBCCFG.J.LFAAJ.L.HIDDM.HI.KMxEE.Kx 575 144,29,70,53,41,41,20,30,32,16,18,14,21,16,13,4,5,4,4
20 xBBCCKFG..JKFGAAJL..IDDL.HI...xHEEEx 379 30,34,70,38,36,33,28,4,1,3,4,6,8,10,13,14,12,12,11,8,4
12 xBB..xCCDD..AAH..JG.HEEJG.HI..xFFI.x 1038 215,119,168,62,65,87,43,64,59,55,54,32,15
10 x.BBBx.CCHI.AAGHIK..GDDK.EE.J.xFF.Jx 7573 321,202,677,981,1292,1330,1252,908,435,157,18
11 xBBB.x.CC..I..GAAI..GHDD.EEH..xFFF.x 4044 596,168,392,264,368,588,528,372,328,272,136,32
12 xGBBCC.GDDJ.AAHIJ...HIEE......xFF..x 8318 2470,2088,1311,956,484,329,273,232,95,44,19,13,4
16 xGBBCC.GDDJ.AAHIJ...HIEE...I..x.FF.x 3822 1378,304,141,177,183,108,39,43,106,220,335,360,277,117,25,5,4
14 xGBBCC.GDDJ.AAHIJ...HIEE......xFFF.x 2769 885,570,354,300,158,78,61,99,121,88,36,9,5,4,1
25 xBB..xGCCC.JGAAI.JDDHI....HEE.x.HFFx 916 32,13,30,56,50,62,79,91,81,61,43,35,27,23,15,14,16,20,17,20,30,31,29,19,14,8
26 xHBB.xGHCCCKGAAJ.KDDIJ....IEE.x.IFFx 1909 88,34,76,135,105,117,149,172,163,147,120,107,88,73,64,41,22,14,18,22,30,43,38,24,11,6,2
16 xFBBBx.FCCHJAA.GHJ...GDD....I.xEEEIx 829 34,24,104,174,156,80,48,48,48,40,28,20,13,5,3,2,2
19 xFBBBx.FCCIKAAGHIK..GHDD....J.xEEEJx 698 39,17,66,109,123,81,36,16,12,14,21,30,40,40,31,13,4,2,3,1
13 xBBB.x..F.CCAAF..H..FDDH...G..xEEG.x 388 16,16,28,12,12,24,8,24,36,50,70,36,48,8
19 xBBB.x.CC.....GAAI..GDDI..GHEExFFH.x 1000 22,22,38,16,16,32,8,24,36,54,102,124,170,148,86,48,22,12,12,8
17 xFBBCC.FGHIJAAGHIJ...HDD......x.EE.x 1803 51,14,20,28,38,36,35,38,41,57,113,222,335,349,246,126,42,12
20 xBBCCKF..I.KFAAIJ.DDHIJ..GH...xGEE.x 1941 153,40,50,62,78,60,53,52,48,48,75,124,171,175,145,135,137,141,110,54,30
15 xBBCCJ...HIJ.AAHI..DDHEE..G...x.GFFx 490 20,7,13,22,30,29,30,27,25,30,47,73,73,46,16,2
09 xBBCC..F..I..FAAI...GHDD..GH..xEE..x 3182 950,647,424,369,258,223,178,102,25,6
15 xFBBCC.FGHI.AAGHI....HDD......x.EE.x 1535 560,92,50,72,83,60,29,29,69,125,151,117,56,18,12,12
14 xBBCCK.F..JK.FAAJ..GHIDD.GHI..x.EE.x 2109 454,215,458,291,201,154,128,84,55,24,16,14,9,5,1
14 xBBCCLFG..KLFGAAK..HIJDD.HIJ..xEE..x 3831 1042,453,874,410,207,158,142,125,154,105,64,42,33,17,5
13 xBBCCJ.F..IJ.FAAI..G.HDD.G.H..xEEE.x 529 74,42,122,114,58,28,34,29,12,5,4,4,2,1
15 xBBCCK.F..JK.FAAJ..GHIDD.GHI..xEEE.x 575 126,45,98,65,51,38,29,30,34,27,14,7,4,4,2,1
15 xBBCCKFG..JKFGAAJ...I.DD.HI...xHEEEx 1140 174,205,344,77,7,10,15,23,31,43,53,54,45,35,20,4
21 xBBCCLFG..KLFGAAK...IJDD.HIJ..xHEEEx 882 282,82,154,56,20,12,16,10,8,11,9,11,19,29,39,43,26,20,12,11,8,4
15 xBBCCK.G..JK.GAAJ..DDIEE..HI..x.HFFx 1624 202,93,169,121,138,165,178,208,153,77,43,38,23,11,4,1
18 xBBCCJ.G..IJ.GAAI..DDHEE...H..x.FFFx 174 14,4,4,4,4,4,4,8,8,18,22,30,23,11,4,4,4,3,1
19 xBBCCK.G..JK.GAAJ.DDHIEE..HI..x.FFFx 171 22,5,5,5,5,5,2,6,7,10,10,13,19,25,19,6,2,2,2,1
17 xBBCCL.H..KL.HAAK..DDJEE..IJFFx.IGGx 1393 182,90,130,54,51,40,44,64,98,158,176,130,99,43,18,9,6,1
19 xBBCCK.H..JK.HAAJ..DDIEE...IFFx.GGGx 614 38,8,8,8,8,8,8,16,24,44,70,110,118,77,29,12,12,10,5,1
20 xBBCCL.H..KL.HAAK.DDIJEE..IJFFx.GGGx 498 53,8,8,8,8,8,2,6,9,19,22,37,59,88,92,49,10,4,4,3,1
18 xBBCCJ..G.IJAAG.I..FDDD..F.H..xEEH.x 2084 304,147,316,212,160,101,78,122,198,234,150,23,4,5,7,8,7,5,3
08 x.BBBx....GHAAEFGH..EFCC......x.DD.x 2817 246,173,539,604,572,414,210,57,2
09 x.BBBx...FG..AAFGI..ECCI..E.H.x.DDHx 1918 91,65,231,364,464,384,218,83,17,1
09 xBBB.x..E..G..EAAG...FCC...F..xDDD.x 428 64,28,80,68,56,44,36,28,16,8
09 xBBB.x....GH.AAFGH..EFCC..E...xDDD.x 1240 116,56,184,232,244,176,104,64,44,20
10 x.BBBx....GI.AAFGI..EFCC..E.H.xDDDHx 819 42,21,78,135,190,170,103,45,20,12,3
10 xBBB.x..F..H..FAAH...GCC.DDG..xEEE.x 1372 196,40,104,76,124,236,252,176,100,44,24
12 xBBB.x..EF..AAEF.G..ECCG......xDD..x 148 4,4,8,4,4,8,2,6,12,20,32,20,24
14 x.BBBx..EFG.AAEFGH..ECCH......xDD..x 188 2,2,4,2,2,4,1,3,9,19,32,36,38,22,12
13 xBBB.x..FG..AAFG.H..FCCH.E....xEDD.x 378 14,14,28,14,14,28,15,15,24,42,64,50,48,8
16 xEBBBx.EFGH.AAFGHI..FCCI......xDD..x 401 6,6,12,6,6,12,7,6,14,30,50,62,68,52,38,14,12
18 xBBB.x..F.....FAAH..FCCH...GDDxEEG.x 438 6,6,12,6,6,12,2,6,12,22,52,80,98,70,26,10,4,4,4
11 x.BBBx..FGH.AAFGHI.CCDDI......x.EE.x 882 17,26,61,50,76,105,108,142,143,108,38,8
14 x.BBBx...HI..AAHIJ.CCDDJ..GEE.x.GFFx 2504 31,40,89,65,108,148,173,281,407,480,364,193,94,28,3
13 xGBBCC.GDDJKAAHIJK..HIEE......xFF..x 15608 2091,1731,3689,3108,2166,1111,637,480,348,146,61,22,14,4
15 xGBBCC.GDDJKAAHIJK..HIEE......xFFF.x 4897 729,441,937,847,685,365,181,154,189,189,119,42,9,5,4,1
15 x.BBBx.CCGHJ.AAGHJ..FDDD..F.I.x.EEIx 490 27,10,20,1,2,7,11,16,28,51,88,107,76,36,9,1
11 xBBB.xCCGH..AAGH.IFDDD.IF.....xEE..x 376 52,24,54,28,30,46,46,26,22,16,16,16
12 xBBB.xCCHI..AAHI.JFGDDDJFG....xEE..x 647 123,45,93,36,40,68,72,52,36,32,26,16,8
09 xBBB.x.....HAA.F.H.E.FCC.E..G.xDDDGx 1288 128,80,272,304,196,102,86,68,43,9
12 xBBB.x.E..GI.EAAGI...FCC...FH.xDDDHx 662 37,20,72,96,86,68,88,98,46,24,13,12,2
11 xBBB.x.EF..H.EFAAH...GCC...G..xDDD.x 740 160,48,120,68,56,48,54,60,48,44,28,6
12 xBBB.x.....I.AAG.I.EFGCC.EF.H.xDDDHx 1626 240,82,232,214,216,158,107,96,94,79,73,34,1
14 x.BBBx....HJ.AAGHJ.EFGCC.EF.I.xDDDIx 716 67,22,62,60,71,66,70,84,65,43,28,28,23,19,8
11 xBBB.xGCCIDDGAAI.K..HEEK..H.J.x.FFJx 1476 268,212,330,98,132,174,114,86,28,18,12,4
23 xBBB.xCCHI..AAHI.J.GHDDJ.GEE..xFF..x 1398 43,43,71,28,28,56,14,18,7,10,15,17,22,21,20,48,85,120,156,177,178,130,67,24
08 xBBB.xCCCG..AAFG.I..FDDI....H.x.EEHx 4679 376,484,1320,1227,733,300,142,86,11
09 x.EBBB..EFG.AAEFGID.CCHID...H.x....x 634 63,64,108,103,117,70,53,37,17,2
14 xFBBBx.FCCCIAA.G.I...GDD....H.xEEEHx 1230 74,80,268,300,158,70,80,72,46,28,24,12,14,2,2
14 x.BBBx.CCCHJ.FAAHJ.F.GDD...GI.xEEEIx 485 19,16,68,110,94,44,24,24,24,20,16,13,9,3,1
15 xGBBBxFGCCCJFAAH.J...HDD....I.xEEEIx 1728 130,112,343,338,175,105,121,114,84,60,52,36,36,17,4,1
15 x.BBBxFCCCIKFGAAIK.G.HDD...HJ.xEEEJx 621 32,20,79,117,98,52,36,36,36,30,25,24,20,11,4,1
10 x.BBBxCCCGH.AAFGHJ..FDDJ....I.x.EEIx 280 4,10,28,34,42,47,45,38,21,9,2
14 xBBB.x..FCCCAAF..H..FDDH...G..xEEG.x 204 10,10,16,6,6,12,6,18,22,24,32,14,20,4,4
09 x.BBBx.CCCIJAAGHIJ..GHDD.F....xFEE.x 3216 234,248,750,806,507,240,209,160,60,2
11 x.BBBxCCCHI.AAGHIK..GDDK.EE.J.x.FFJx 402 6,12,32,38,50,57,59,58,45,29,12,4
15 xBBB.x..GCCCAAG..I..GDDI.EEH..xFFH.x 214 12,12,18,6,6,12,6,18,22,24,32,14,20,4,4,4
11 xBBB.x..GH..AAGH.IEFCCCIEF....xDD..x 368 57,13,32,18,29,49,41,31,32,34,24,8
14 xFBBBx.FCC.IAA.G.I...GDD....H.xEEEHx 3054 288,256,756,716,356,160,172,142,80,45,33,20,22,4,4
14 xFBBBx.FCC.IAAGH.I..GHDD......xEEE.x 1772 352,152,330,174,108,62,64,82,96,104,110,89,36,10,3
17 xFBBBx.FCC.JAAGH.J..GHDD....I.xEEEIx 3189 438,220,564,507,400,203,95,93,120,135,135,102,64,41,40,22,7,3
22 xBBB.x..GH..AAGH.I.FGCCI.FDD..xEE..x 761 15,15,30,15,15,30,5,7,6,11,26,40,49,35,21,25,40,60,78,94,79,47,18
27 xBBBIx..GHI.AAGH.J.FGCCJ.FDD..xEE..x 806 6,6,12,6,6,12,2,2,2,2,1,2,6,11,26,40,49,34,15,9,20,46,84,122,117,97,53,18
11 xBBB..FCCHDDFAAH.I..GEEI..G...x.G..x 1523 292,424,535,155,41,14,5,12,17,14,10,4
12 xBBB..FCCIDDFAAI.J.GHEEJ.GH...x.H..x 4076 878,1186,1433,358,76,19,7,17,29,31,24,14,4
17 xBBB..GCCIDDGAAI.J..HEEJ..H...x.HFFx 1312 361,219,268,114,69,47,39,27,18,16,14,16,12,20,32,20,12,8
17 xEBBBKDE.HIKDAAHIL.FGCCL.FG.J.x.G.Jx 358 27,36,81,27,33,29,37,14,3,9,8,7,9,10,12,9,5,2
21 x....xD..GH.DAAGHIBBFGHI.EF...xECC.x 3031 224,36,139,216,305,352,182,124,115,54,28,46,106,171,240,275,197,83,59,43,24,12
13 x..G.x...G..AA.H..EBBH.IE.FCCIx.FDDx 2320 328,198,495,271,176,166,212,172,126,95,47,24,7,3
14 x..G.x...GI.AA.HI.EBBH.JE.FCCJx.FDDx 6981 813,519,1485,1230,796,509,422,452,256,193,141,93,49,17,6
12 x....xE..G..EAAG..BBFG.H..FCCHx.DD.x 2250 491,34,96,145,300,374,323,186,109,95,66,30,1
13 x....xE..GH.EAAGH.BBFG.I..FCCIx.DD.x 6702 1013,102,322,506,926,1171,1068,668,300,216,195,148,65,2
13 x..G.xE..GH.EAAGHJ..FBBJCCF.I.x.DDIx 4199 522,68,260,485,820,957,668,303,62,12,14,14,10,4
15 x....xE..G.HEAAG.HBBFG....FCCCxDD..x 1246 298,13,35,52,126,172,153,122,102,73,35,29,18,8,6,4
16 x....xE..GHIEAAGHIBBFG....FCCCxDD..x 3613 587,39,117,175,356,513,523,414,326,236,122,68,53,38,22,16,8
14 x....xD..G..DAAG.HEBBG.HE.F...x.FCCx 153 43,4,11,14,21,13,6,3,2,3,7,7,7,8,4
15 x....xD..GH.DAAGHIEBBG.IE.F...x.FCCx 487 95,12,37,52,77,62,27,11,4,8,14,17,16,19,24,12
14 x....xD..F..DAAF.GDBBF.G..E...x.ECCx 306 86,8,22,28,42,26,12,6,4,6,14,14,14,16,8
15 x....xD..FG.DAAFGHDBBF.H..E...x.ECCx 974 190,24,74,104,154,124,54,22,8,16,28,34,32,38,48,24
16 x....xE..G..EAAG.HEBBG.H..FCC.x.FDDx 879 235,12,33,50,111,141,104,31,8,7,13,25,29,30,28,18,4
17 x....xE..GH.EAAGHIEBBG.I..FCC.x.FDDx 2479 459,36,111,172,329,426,365,173,28,12,24,41,56,63,74,66,36,8
16 x....xE..H..EAAH.IFBBH.IF.GCC.x.GDDx 363 96,4,11,18,45,64,49,14,3,2,3,9,11,11,12,9,2
17 x....xE..HI.EAAHIJFBBH.JF.GCC.x.GDDx 996 182,12,37,60,126,182,169,81,12,2,5,12,20,22,25,27,18,4
12 x....xEBBG.HEAAG.HCCFG....FDD.x....x 2294 404,130,299,196,175,169,146,155,178,200,177,64,1
20 x..H.xBB.H.JAA.I.JFCCI..F.GDD.x.GEEx 1685 411,230,377,182,83,31,69,59,35,20,16,16,11,18,21,20,18,25,27,14,2
13 x..H.xFBBH.IFAAH.ICCG.....GDD.x.EE.x 3986 935,91,203,245,431,474,408,287,257,253,214,124,58,6
19 x..H.xF..HBBFAAHI.CCG.IJ..GDDJxEE..x 8586 1361,205,525,652,1016,1155,1030,725,478,404,347,253,148,92,67,57,42,19,6,4
22 x..H.xF..HBBFAAHIJF.CCIJDDG...x.GEEx 1596 238,12,37,60,126,182,169,81,17,13,22,34,57,75,91,96,92,76,53,28,20,12,5
13 x....xD...G.D.AAGHBBBFGH..EF..x.ECCx 1311 48,59,226,317,268,124,41,26,26,38,57,53,24,4
13 x....xD..F..DAAF.GBBBF.G..E...x.ECCx 252 56,4,11,14,25,30,31,21,16,7,12,9,12,4
14 x....xD..FG.DAAFGHBBBF.H..E...x.ECCx 832 132,12,37,52,87,107,106,87,57,30,23,27,31,32,12
15 x....xD..FG.DAAFGHBBBFGH..E...x.ECCx 474 26,4,17,31,51,70,64,62,39,24,7,14,15,22,20,8
14 x....xDE..H.DEAAHIBBBGHI..FG..x.FCCx 2900 116,122,434,567,517,317,156,100,93,109,146,142,65,12,4
14 x....xE..G..EAAG.HBBBG.H..FCC.x.FDDx 864 196,8,22,32,72,108,129,109,70,44,14,22,16,18,4
15 x....xE..GH.EAAGHIBBBG.I..FCC.x.FDDx 2503 396,24,74,112,218,320,375,346,252,150,70,38,43,43,34,8
16 x....xE..GH.EAAGHIBBBGHI..FCC.x.FDDx 1395 68,8,34,64,118,196,225,227,179,110,60,14,24,21,27,16,4
16 x....xFBBB.JFAAI.JG..ICCG.HDD.x.HEEx 216 33,27,32,11,11,8,10,8,4,6,8,8,8,14,16,10,2
18 x....xFBBB.KFAAJ.KG..JCCGHIDD.xHIEEx 491 71,55,62,13,13,12,10,16,20,18,18,21,21,24,41,39,25,10,2
15 xH...x.HBB.KAA.J.KGCCJDDG.IEE.x.IFFx 1380 90,155,239,71,115,189,59,56,82,104,88,61,39,20,9,3
08 xBBG.x..FG..AAF..HECCDDHE.....x....x 861 94,116,240,129,217,28,23,8,6
13 xBBGHx..FGH.AAF..IECCDDIE.....x....x 2023 170,210,489,344,437,166,82,35,20,19,20,15,10,6
20 x..G.xE..GBBEAAG.HE.FCCH..F...xDD..x 569 171,20,43,44,53,21,6,3,8,17,22,26,30,26,21,20,14,8,6,6,4
19 x..G.xE..GBBEAAGHIE.CCHI..F...x.FDDx 887 127,12,37,52,77,62,27,11,14,30,41,52,57,57,61,63,57,34,12,4
16 x....xFBBH.IFAAH.ICCGH....GDDDxEE..x 968 167,4,11,18,49,88,114,114,107,94,70,51,41,22,8,6,4
17 x....xFBBHIJFAAHIJCCGH....GDDDxEE..x 2603 299,12,37,60,134,235,324,353,328,265,177,122,98,71,42,22,16,8
12 x....x..HBBJAAHI.JFCCIDDFG....xGEE.x 386 22,31,73,50,47,78,33,8,8,14,12,8,2
12 x....x..IBBKAAIJ.KGCCJDDGH....xHEEFF 63 4,4,9,6,3,6,5,4,4,7,6,4,1
16 x.G..xF.G.BBFAA..J..HCCJ..HIDDxEEI.x 1685 161,144,313,325,223,162,88,43,28,31,38,37,30,20,20,15,7
10 x.FBBxCCFG..EAAG.HEDDD.H......x....x 2584 335,551,993,300,294,32,29,17,21,8,4
11 x.FBBxCCFGH.EAAGHIEDDD.I......x....x 6550 636,1059,2315,1241,771,268,83,59,52,41,17,8
13 x.FBBxCCFGH.EAAGHIEDDDHI......x....x 2706 126,259,830,828,357,183,35,18,15,16,15,9,9,6
23 x..H.xF..HBBFAAH.IF.GCCIDDG...xEE..x 1331 400,28,59,71,129,132,85,28,16,15,24,32,43,48,51,43,35,24,14,15,14,12,7,6
08 x.BB.x..EF..AAEF.GDCCC.GD.....x....x 918 126,158,334,120,115,28,23,12,2
09 x.BB.x..EFG.AAEFGHDCCC.HD.....x....x 2726 282,352,874,526,362,168,78,54,27,3
09 xBB..x..EFG.AAEFGHDCCCGHD.....x....x 1277 78,96,342,366,188,112,35,24,27,9
09 xBBF.x..EF..AAEF.GDCCC.GD.....x....x 104 16,9,25,16,9,13,7,3,2,4
10 xBBF.x..EFG.AAEFGHDCCC.HD.....x....x 399 42,24,79,81,53,44,34,15,7,12,8
11 xBBF.x..EFG.AAEFGIDCCCHID...H.x....x 373 23,12,50,81,76,51,37,16,5,9,11,2
11 xBBF.x..EFG.AAEFGHDCCCGHD.....x....x 251 13,9,41,66,46,22,25,11,3,2,7,6
14 xEFBBx.EFGH.DAAGHJDCCCIJ....I.x....x 4717 364,389,1097,958,653,303,177,147,112,123,150,146,76,18,4
10 xBBG.x..FG..AAFG.HDECCCHDE....x....x 205 44,21,53,24,10,18,15,8,5,5,2
11 xBBG.x..FGH.AAFGHIDECCCIDE....x....x 732 111,55,165,137,71,55,55,33,18,17,13,2
18 x....xGBBCCJG.HAAJDDHI.....IEExFFI.x 1404 414,41,82,95,155,154,121,87,69,50,38,26,22,16,12,9,8,4,1
17 x....x..HBBBAAHI..FCCI.JFGDD.JxGEE.x 5059 781,617,933,547,354,314,281,280,308,288,169,64,42,29,23,17,10,2
12 xEGBBxDEGHI.DAAHIK.FCCJK.F..J.x....x 7480 764,698,1876,1485,983,441,330,239,233,251,144,32,4
10 xFBBIxEF.HIJEAAH.J..GCC...G...xDDD.x 6060 1185,509,1263,804,589,541,498,393,210,56,12
19 x.GBBxEFG.I.EFAAIKCC.HJK...HJ.x.DDDx 2607 411,181,433,229,148,105,103,106,91,80,80,59,66,103,138,119,80,46,23,6
24 x.GBBxE.G.I.EAAHIJCC.HIJ.F....xFDDDx 1986 174,74,210,210,222,124,60,31,20,18,18,18,21,32,48,66,89,121,131,95,58,50,50,34,12
14 x.EBBxD.EFGIDAAFGICC.FH.....H.x....x 2140 164,84,316,461,396,154,81,120,115,64,43,42,56,36,8
12 x.BB.xE.F..HE.FAAH...GCC...G..xDDG.x 1012 242,37,92,74,92,53,69,80,75,68,70,44,16
13 x.BBHx..F.HIE.FAAIE..GCC...G..xDDG.x 2976 522,90,251,247,316,282,231,263,228,184,155,139,58,10
16 x.BB.xFG..J.FGAAJKCCHI.K..HIDDx.EE.x 28402 5093,2156,5024,3165,2484,2479,2100,1613,1306,1028,779,515,258,195,148,54,5
13 x.BB.x...G.HEAAG.HECCG....FDD.x.F..x 1567 267,85,215,108,57,56,70,75,99,111,162,157,95,10
17 xGBB.x.G.I..AA.I..FCCI.JF.HDDJx.HEEx 2245 1266,93,207,95,148,120,82,56,32,34,18,19,17,19,20,13,5,1
12 xGBB.xFG.I..FAAI.J..HCCJDDH...xEEE.x 7378 1983,501,1064,710,528,529,518,530,510,395,74,24,12
14 x.BB.xF..H.IFAAH.I.CCH....GDD.x.GEEx 2485 606,58,140,108,168,149,145,131,132,130,167,211,203,127,10
21 x.BBIx..G.IJF.GAAJFCCH.....HDDxEEH.x 6068 1133,140,375,335,457,477,443,410,330,245,231,266,307,270,223,144,120,90,48,14,6,4
10 xFBB.xEF.HCCEAAH.I..GDDI..G...x.G..x 6702 1204,1241,2213,913,921,178,11,7,7,5,2
14 x.GBBxF.GCCIFAAH.I...HDD...H..x.EE.x 2485 582,111,229,163,190,120,147,174,174,145,177,170,75,24,4
14 x.BBIx..CCIJF.GAAJF.GHDD...H..xEEH.x 6068 1021,242,569,487,560,472,397,449,459,407,343,341,246,72,3
14 x.BB.xFCCH.IFAAH.I.DDH....GEE.x.G..x 3986 616,282,601,236,91,86,117,152,182,230,324,415,396,226,32
13 xFBB.xEF.H..EAAH..CCC..I..GDDIx.G..x 4561 698,375,774,422,346,226,179,231,355,453,319,131,39,13
12 x.BBJxCCH.J.G.HAAKGDDI.K...IEEx.FF.x 28402 3946,2527,5478,3679,3240,3346,3016,2072,806,208,62,18,4
15 x.BB.x..HCCJG.HAAJG..IDD.EEI..xFFI.x 5294 1257,165,327,217,291,237,252,242,228,243,335,405,452,393,217,33
16 x.BBJxCCH.JK..HAAKG..IDDGEEI..xFFI.x 5196 1596,318,685,487,533,418,315,273,202,116,72,70,54,35,15,6,1
11 xFBB.xEF.ICCEAAI.J.GHDDJ.GH...x.H..x 4199 864,864,1428,474,478,37,7,12,14,12,7,2
14 xBB..x..ICCKAAIJ.KGDDJEEGH....xHFF.x 734 44,31,73,72,91,138,135,72,16,14,18,12,8,6,4
14 xBB..x..JCCLAAJK.LHDDKEEHI....xIFFGG 117 8,4,9,8,7,12,17,13,8,7,9,6,4,3,2
20 xBBI.x...ICCAAH...FGHDDKFGEEJKx...Jx 14832 3174,2812,5156,1715,909,231,110,69,46,39,36,33,50,57,106,96,87,59,33,13,1
21 x.BB.xHCCDDKH.IAAKEEIJ.....JFFxGGJ.x 1914 593,83,144,98,123,101,108,103,85,62,49,41,46,48,52,52,36,33,26,20,9,2
20 xBBI.x..HICCAAH...FGDDDJFGEE.Jx....x 8675 1165,832,1344,643,543,387,272,391,619,880,813,441,126,69,43,33,23,20,19,10,2
16 x.BB.xF..H..FAAH..CCGH....GDDDxEE..x 1277 876,39,10,35,36,18,22,42,59,48,41,14,14,6,9,4,4
20 x.BBIxF..HI.FAAH..CCGH....GDDDxEE..x 1395 497,60,28,42,56,49,26,31,40,48,44,54,64,75,80,67,58,34,25,11,6
12 x.GBBxCCGI..FAAI..FDDI....H...x.HEEx 889 562,73,27,58,53,39,35,17,10,9,2,2,2
13 x.HBBxCCHJ..GAAJ..GDDJ....IEE.x.IFFx 1826 1256,132,38,88,88,76,63,36,21,15,6,3,3,1
17 x.BB.xGCCI..GAAI..DDHI....HEEExFF..x 2744 1819,111,19,59,54,36,44,88,135,120,105,53,36,23,17,13,8,4
21 x.BBJxGCCIJ.GAAI..DDHI....HEEExFF..x 2404 1017,165,46,65,62,53,43,54,69,75,60,61,74,108,123,116,87,58,32,19,11,6
22 x.GBBxE.G.I.EAAHI.CC.HI..F....xFDDDx 932 174,74,62,86,50,24,13,11,12,13,16,21,32,48,62,63,55,41,21,16,18,14,6
19 xBB..x..ICCCAAIJ..GDDJ.KGHEE.KxHFF.x 10399 1630,1019,1495,713,602,773,695,712,724,753,674,327,107,62,37,25,21,16,10,4
24 xBBJ.xCCCJ..AAI..KH.IDDKHEEFF.x.GG.x 2706 330,30,67,109,99,113,151,208,230,221,223,206,140,98,71,53,42,38,27,25,42,72,60,33,18
17 xBBI.K..HI.KAAHJ..FCCJ..FGDD..xGEE.x 672 114,29,72,49,63,14,38,26,23,32,40,46,50,38,14,6,10,8
17 xBBJ.L..IJ.LAAIK..GCCK..GHDD..xHEEFF 234 45,8,18,7,9,2,6,8,9,16,20,23,25,19,7,3,5,4
18 xBBHIJ..GHIJAAGH..FCCDD.F.....x.EE.x 819 145,37,55,61,51,49,44,36,26,29,45,51,43,34,32,32,23,18,8
19 xBBIJK..HIJKAAHI..GCCDD.G.EE..x.FF.x 2166 314,58,82,91,77,84,92,100,102,112,146,179,164,127,96,92,91,78,59,22
18 xBBHIJ..GHIJAAGH..FCCDD.FEEE..x....x 526 91,21,27,22,13,14,21,30,35,36,48,40,31,18,12,18,18,20,11
19 xBBIJK..HIJKAAHI..GCCDD.GEEE..x.FF.x 1231 169,21,27,28,22,27,35,54,80,95,107,120,101,74,46,42,54,56,51,22
12 xBBI....GI.JAAGI.JFCCDD.F.H...x.HEEx 226 93,7,9,11,9,11,13,16,17,14,14,6,6
13 xBBJ....HJ.KAAHJ.KGCCDD.G.IEE.x.IFFx 531 239,15,19,24,21,27,30,35,36,29,24,16,10,6
18 xBB.Ix..F.I.AAF.IJE.GCCJE.GH..xDDH.x 542 37,23,62,44,32,24,30,42,36,26,36,41,22,17,28,26,10,2,4
21 xBB..xE.F..IE.FAAI..GHCC..GH..xDDH.x 306 99,7,16,8,10,6,8,10,6,8,9,4,7,10,14,15,16,15,12,16,6,4
20 x.FBBxE.FHIJEAAHIJ..GHCC..G...xDD..x 552 111,14,36,26,30,26,20,26,26,20,29,30,13,16,20,26,24,21,15,11,12
14 xGBB.xEG.J..EAAJ.KFHICCKFHI...xDDD.x 428 144,31,64,22,7,9,9,13,23,38,31,20,10,5,2
16 xGBB.xEG.J..EAAJ.LFHICCLFHI.K.xDDDKx 304 95,20,48,25,14,13,15,13,9,5,3,7,11,15,6,3,2
09 xBBH.x..GH..AAG..IFCCDDIF.....x.EE.x 995 145,86,182,114,153,158,73,50,22,12
14 xBBHIx..GHI.AAG..JFCCDDJF.....x.EE.x 990 111,70,147,75,102,82,70,71,66,41,38,39,40,26,12
15 xBBH.x..GH..AAG..IFCCDDIF.....xEEE.x 362 66,18,38,24,20,16,12,12,14,20,20,28,20,26,16,12
21 xBBHIx..GHI.AAG..JFCCDDJF.....x.EEEx 381 43,11,23,12,10,8,6,6,7,10,10,17,21,28,26,29,21,19,27,30,15,2
17 xHBB.x.H.J..AA.J.KGCCDDKG.IEE.x.IFFx 2221 78,113,227,96,167,304,194,236,205,147,129,108,65,52,48,31,15,6
17 xBBI.x..HI..AAH..JGCCDDJG.EE..xFFF.x 1288 238,58,120,102,68,44,28,28,36,42,62,76,102,70,78,70,42,24
22 xBBIJx..HIJ.AAH..KGCCDDKGEE...x.FFFx 1129 116,26,53,21,15,8,6,8,12,14,19,26,49,70,87,95,97,76,66,99,107,52,7
12 xBBH.x..GH..AAG..IFCCDDIFEEE..x....x 329 19,27,54,21,39,24,32,32,17,23,20,16,5
15 xBBHIx..GHI.AAG..JFCCDDJFEEE..x....x 537 23,33,70,31,47,26,39,45,47,30,29,32,37,25,18,5
15 xBB.Ix..H.I.AAH..JFCCDDJFGEEE.xG...x 1117 87,121,255,120,105,81,70,63,34,40,44,44,26,11,10,6
13 xBBI.x..HI..AAH..JGCCDDJGEEE..x.FF.x 721 19,27,54,21,39,78,80,96,81,57,66,56,37,10
16 xBBIJx..HIJ.AAH..KGCCDDKGEEE..x.FF.x 1125 23,33,70,31,47,53,59,91,125,118,81,83,95,97,68,41,10
14 xBBI.x..GI..AAG..JFCCDDJF.H...x.HEEx 155 5,7,14,7,9,19,12,18,23,8,9,11,6,5,2
14 x.FBBxE.F.G.EAA.GICCC.HI....H.x..DDx 720 52,52,104,12,24,28,36,30,42,62,60,62,86,58,12
14 x..BBxE...G.EAA.GHCCC.GH..F...x.FDDx 778 32,50,138,102,66,38,26,14,14,28,36,54,88,68,24
08 xBB..x..FG..AAFG.HECCC.HE.....xDD..x 1012 191,115,252,108,121,94,57,60,14
09 xBB..x..FGH.AAFGHIECCC.IE.....xDD..x 2485 350,217,536,328,295,244,183,164,141,27
15 x.FBBxE.F.H.EAAGHJCCCGIJ....I.x.DD.x 1038 120,58,116,12,24,28,44,43,67,85,88,97,90,86,56,24
20 x..BBxE...H.E.AAHICCCGHI..FG..x.FDDx 1044 72,45,121,80,54,50,40,34,40,56,43,27,17,23,38,50,76,92,64,18,4
14 x.FBBxE.FG..EAAG.ICCCH.I...H..x.DD.x 190 57,10,20,3,6,7,6,12,11,11,16,9,12,6,4
15 x.FBBxE.FGI.EAAGIJCCCH.J...H..x.DD.x 526 128,26,52,6,12,14,19,26,33,34,41,39,31,33,20,12
16 x.FBBxE.FGI.EAAGIKCCCHJK...HJ.x.DD.x 337 57,16,32,3,6,7,13,14,23,27,28,30,19,22,21,13,6
15 x.GBBxEFG.H.EFAAHJCCC.IJ....I.x..DDx 1685 132,132,264,48,96,80,96,75,63,87,110,124,178,141,53,6
15 x..BBxEF..H.EFAAHICCC.HI..G...x.GDDx 1676 72,107,287,200,124,45,35,27,33,55,99,138,182,178,82,12
21 xFBBIx.FGHI.AAGHJKECCCJKE.....x.DD.x 1914 272,119,238,42,84,66,90,70,76,77,86,100,103,109,94,85,57,42,37,34,23,10
21 xBB..xEF..I.EFAAIJCCCHIJ..GH..x.GDDx 916 120,69,181,105,53,43,37,30,26,28,24,19,10,11,14,17,28,31,29,19,14,8
08 xBB..x..FG.HAAFG.HECCC..E.....xDDD.x 352 86,26,56,18,30,38,26,44,28
10 x.BBHx..FGH.AAFG.IE.CCCIE.....xDDD.x 806 149,51,116,49,57,69,79,78,100,56,2
17 x.FBBxE.F.H.E.AAHJCCCGIJ...GI.x.DDDx 403 57,21,42,3,6,7,13,14,23,29,35,39,28,29,26,20,9,2
10 x.BB.x..GH..AAGH.IEFCCCIEF....xDDD.x 806 243,59,124,39,70,75,51,73,52,15,5
19 xBB.IxF.G.I.F.GAAJCCCH.J...HDDx.EE.x 6068 885,424,1004,625,601,551,502,469,457,357,73,20,22,14,16,12,14,12,6,4
21 xBB.JxFGH.J.FGHAAKCCCI.K...IDDx.EE.x 5196 1093,426,955,392,344,301,256,246,197,189,166,104,82,104,103,81,56,46,32,16,5,2
09 xBBH.x..GH..AAG..IFCCC.IFDD...xEEE.x 1288 308,76,160,82,102,118,120,114,140,68
11 x.BBIx..GHI.AAGH.JF.CCCJF.DD..xEEE.x 2472 445,137,302,144,154,192,211,229,230,283,141,4
12 x.HBBxCCHI..GAAI.JGDDD.JEE....xFF..x 2646 366,174,355,330,265,269,195,184,170,138,114,58,28
15 x.HBBxCCHI..GAAI.KG.DDDKEE..J.xFF.Jx 4595 244,169,475,531,484,447,402,332,336,317,278,237,158,115,58,12
13 x.HBBxCCHI..GAAI.JGDDD.JEE....xFFF.x 934 140,28,56,30,24,42,56,74,96,116,108,92,44,28
16 x.HBBxCCHI..GAAI.KG.DDDKEE..J.xFFFJx 1581 84,28,56,30,24,42,70,102,148,190,210,194,170,102,83,42,6
16 xIBB.x.ICC.LAA.K.LHDDKEEH.JFF.x.JGGx 2333 171,248,385,120,182,298,78,79,106,120,144,160,112,77,36,14,3
15 xHBBCC.HDDJKAAI.JKG.IEELG....Lx.FFFx 1959 149,204,430,250,235,100,47,50,59,81,107,102,78,43,21,3
21 x.BBIxF..HIJFAAH.JCCGH....GDDDxEE..x 2163 365,42,108,84,119,139,111,65,76,101,119,111,107,95,94,101,91,85,60,48,30,12
11 xGBB.xEG.I..EAAI.JF.HCCJF.H...xDDD.x 694 203,67,143,61,38,37,39,62,24,8,4,8
16 xBB..xF.H...F.HAAJFCCI.J.G.IDDxGEE.x 7378 1879,605,1254,839,529,518,220,218,398,274,112,120,136,188,52,24,12
16 xBB..xF.I...F.IAAKGCCJ.KGH.JDDxHEE.x 3165 797,227,471,370,228,206,99,109,199,137,56,60,68,94,26,12,6
16 x.HBBx..H...GAAI.JGCCI.JGDDEE.x.FF.x 1629 303,66,139,172,130,77,45,33,40,60,77,100,124,141,84,34,4
07 xBBI....HI..AAHJ..FCCJ..FGDD..xGEE.x 442 228,84,50,62,10,2,2,4
07 xBBJ....IJ..AAIK..GCCK..GHDD..xHEEFF 168 94,29,15,21,5,1,1,2
15 xIBBCC.I.KDDAA.K..HEEK.LH.JFFLx.JGGx 227 40,10,20,27,27,27,11,5,10,9,9,13,10,5,3,1
11 xBBI....GI..AAGI..FCCDD.F.H...x.HEEx 255 176,12,5,11,7,8,13,8,7,5,1,2
12 xBBJ....HJ..AAHJ..GCCDD.G.IEE.x.IFFx 658 479,26,10,25,21,21,26,18,13,10,4,3,2
14 x.BBCC...I.KAAHI.KFGHDDLFG..JLxEE.Jx 2986 354,152,364,305,305,257,178,185,221,214,198,144,67,30,12
14 xGBBCCFG..IJFAA.IJ..HDDK..H..Kx.EEEx 977 81,99,208,120,114,63,29,33,38,52,57,42,26,13,2
18 xBBCCJ..HI.JAAHI.KFGDD.KFG....xEEE.x 547 138,22,46,26,25,18,4,7,14,32,46,38,29,29,32,22,14,4,1
27 xBBCCKF..IJKFAAIJL..HDDL.GH...xGEEEx 766 129,29,68,53,48,39,15,12,15,11,15,16,19,19,10,7,10,12,14,19,26,42,53,40,26,12,5,2
20 x.IBBx..IJCCHAAJ..H.DD.KHEEFFKx.GG.x 2607 501,108,164,213,169,119,107,103,84,85,104,115,122,120,112,117,113,96,39,12,4
20 xBBCCMHDDDLMHAAKL.I..KEEIJFF..xJGG.x 1544 240,284,458,159,62,37,19,15,15,21,28,26,24,22,22,24,26,26,20,12,4
11 xBBI.x..HICCAAH..JFGDDDJFG....xEE..x 2245 606,372,565,139,147,226,114,31,26,13,5,1
11 xBBI.x..HICCAAH..JFGDDDJFG....xEEE.x 608 279,85,120,18,19,22,18,19,15,8,4,1
09 x.BB.x..FH..AAFH..ECCH..E.G...x.GDDx 396 261,29,12,26,23,17,15,6,5,2
19 x.FBBxE.FHI.EAAHI...GHCC..G...xDD..x 332 111,14,8,10,10,6,8,10,6,8,13,4,7,12,22,24,21,15,11,12
10 x.BB.x..GI..AAGI..FCCI..F.HDD.x.HEEx 889 634,54,18,43,43,37,29,15,10,5,1
14 xBBIJx..HIJ.AAH...FGCCDDFG....xEE..x 1685 741,427,58,57,42,61,46,57,41,40,35,36,28,14,2
09 x.BBBx..EFGIAAEFGID.CCH.D...H.x....x 2111 128,136,428,503,463,243,141,54,13,2
10 x.BBBx..FGH.AAFGHIDECCHIDE....x....x 3175 308,287,928,824,316,221,133,61,61,33,3
07 xBBB.x..FG.HAAFG.HE.CC..E.....x.DD.x 1236 252,128,292,124,118,212,106,4
08 xBBB.x..FGHIAAFGHIE.CC..E.....x.DD.x 2994 456,246,629,417,332,334,328,230,22
10 x.BBBx..FGHJAAFGHJE.CCI.E...I.x.DD.x 1629 165,91,257,250,246,175,152,154,96,38,5
16 x.BBBx..F.H.AAF.HIE.CCHIE..G..xDDG.x 1293 102,54,146,106,80,60,76,111,101,59,43,54,71,95,93,39,3
09 xFBB.xEF.H..EAAH....GCCC..G...xDDD.x 879 558,155,24,43,39,25,13,12,6,4
11 xFBBIxEF.HI.EAAH....GCCC..G...xDDD.x 603 330,91,24,24,24,25,18,22,19,16,6,4
10 xGBB.xFG.I..FAAI....HCCC..HDD.xEEE.x 3105 2110,489,50,107,104,104,59,42,26,10,4
12 xGBBJxFG.IJ.FAAI....HCCC..HDD.xEEE.x 1349 719,158,36,32,60,67,71,50,52,50,34,12,8
07 xBBCCK..IDDKAAIJ..GEEJ..GH....xHFF.x 15219 3826,2840,4338,2122,1394,520,158,21
13 xHBBCC.HDDJKAAI.JKG.IEE.G.....x.FFFx 6425 992,1348,1963,460,70,87,98,134,192,261,353,308,150,9
23 x.BB.xG..ICCGAAIJ.DDHIJK..HEEKxFF..x 5196 276,38,108,120,193,252,287,295,277,239,286,381,446,473,406,307,226,190,157,123,74,28,10,4
10 xBBBGx...FG.AA.FGHECCDDHE.....x....x 152 2,6,22,22,8,16,24,22,17,11,2
11 xBBBHx...GH.AA.GHIFCCDDIF.....x.EE.x 264 2,6,22,22,8,16,32,36,52,42,22,4
09 xBBB.x..EF..AAEF.GDCCC.GD.....x....x 428 64,68,140,38,48,30,22,6,4,8
10 xBBB.x..EFG.AAEFGHDCCC.HD.....x....x 1214 136,144,349,184,130,99,81,43,12,20,16
12 x.BBBx..EFG.AAEFGIDCCCHID...H.x....x 850 52,55,165,174,142,73,72,53,25,14,14,9,2
12 x.BBBx..EFG.AAEFGHDCCCGHD.....x....x 514 20,32,123,137,55,44,39,22,12,8,7,9,6
10 xBBB.x..FG..AAFG.HDECCCHDE....x....x 1214 208,194,394,119,140,57,53,19,12,14,4
11 xBBB.x..FGH.AAFGHIDECCCIDE....x....x 2952 396,367,854,435,334,189,169,97,38,37,32,4
11 xBBCC.DD.JK.AA.JK.HIEEFFHI....xGG..x 3322 939,1235,235,148,57,118,155,197,159,66,11,2
17 xBB..xGCCC.KGAAJ.KH..JDDH.IEE.x.IFFx 468 69,45,54,15,15,16,10,8,12,14,20,24,24,30,44,42,22,4
09 xBBCC.FG..J.FGAAJ...HDD...HI..xEEI.x 5474 2186,1361,466,283,207,307,327,209,84,44
17 xBBCC.F..I..FAAIJ.DDHIJ..GH...xGEE.x 2283 1204,194,58,68,63,30,20,32,49,77,97,99,83,65,53,57,22,12
19 xBB..xGCCC.LGAAK.LH..KDDHIJEE.xIJFFx 1068 132,89,103,20,20,26,10,16,24,30,46,53,59,62,82,113,98,59,22,4
10 xBBCC.F...I.FAA.I...HDD..GH...xGEEEx 1222 369,482,48,5,15,23,33,47,72,80,48
12 xBBCC.F...J.FAAIJ...HIDD.GH...xGEEEx 1888 837,386,100,51,14,22,40,64,92,112,92,58,20
12 xBBCC.GH..K.GHAAK...IDD.EEIJ..xFFJ.x 4598 3077,1221,114,38,16,24,14,16,16,22,20,16,4
13 xBBCC.FH..L.FHAAL.GIJDD.GIJK..xEEK.x 176 28,17,20,11,11,16,9,13,13,14,11,8,4,1
13 xBBCC.FG..K.FGAAK.FHIDD..HIJ..xEEJ.x 352 56,34,40,22,22,32,18,26,26,28,22,16,8,2
12 xBBCC.GH..K.GHAAK.G.IDD.EEIJ..xFFJ.x 138 22,15,18,9,8,12,7,8,8,11,10,8,2
10 xBBB.xF..HCCFAAH.J..GDDJ..G.I.x.EEIx 7378 1030,764,1771,1156,796,723,629,440,55,10,4
17 x.BBBxCCG.I.AAG.IJF.DDIJF..H..xEEH.x 2786 216,156,366,266,177,139,175,250,247,174,93,83,91,99,111,101,39,3
13 xBBCCI...GHIAA.GH.FDDGEEF.....x....x 240 12,13,23,23,28,20,15,8,8,18,25,25,17,5
14 xBBCCJ...HIJAA.HI.GDDHEEG.....x.FF.x 461 20,13,23,33,38,35,35,26,24,32,53,59,45,21,4
14 xBBCCJ...HIJAA.HI.GDDHEEG.FF..x....x 650 25,22,38,43,51,42,41,35,34,52,81,85,63,31,7
15 xBBCCK...IJKAA.IJ.HDDIEEH.FF..x.GG.x 1395 43,22,38,59,72,71,83,82,92,116,167,209,181,109,43,8
14 xBBICCG..IDDGAAI.JG.HEEJ..H...xFF..x 597 99,31,41,61,74,49,45,31,24,28,50,36,16,4,8
16 xBBJCCH..JDDHAAJ..H.IEEK..IFFKxGG..x 1073 225,54,68,99,123,83,80,60,47,53,64,53,20,16,18,6,4
14 xBBCCJDD.HIJAA.HI.GEEHFFG.....x....x 588 34,46,72,72,80,42,21,8,8,20,38,51,53,34,9
15 xBBCCKDD.IJKAA.IJ.HEEIFFH.....x.GG.x 1018 54,46,72,98,106,76,63,32,24,34,68,103,113,86,37,6
15 xBBCCKDD.IJKAA.IJ.HEEIFFH.GG..x....x 1386 64,76,116,124,136,80,58,41,34,56,106,152,158,119,55,11
16 xBBCCLDD.JKLAA.JK.IEEJFFI.GG..x.HH.x 2684 104,76,116,164,184,140,138,105,98,120,196,308,366,311,183,65,10
10 xBBCC.FG..JKFGAAJK..HDD...HI..xEEI.x 9754 1982,1097,2188,1272,789,590,676,619,342,143,56
11 xBBCC.F...IJFAA.IJ..HDD..GH...xGEEEx 2630 387,485,784,184,34,54,72,95,131,172,160,72
16 xGBBCCFG.IJ.FAAIJK..HDDK..H...x.EEEx 3038 750,279,538,249,129,56,52,84,130,194,199,160,120,62,20,12,4
14 xBBCCLGH..KLGHAAK...IDD.EEIJ..xFFJ.x 6656 2876,1038,1850,468,150,58,44,22,16,16,26,28,28,24,12
14 xHBBCC.H.J..AA.J..GDDJ.KG.IEEKx.IFFx 1457 1154,63,106,22,24,20,8,8,10,9,8,11,9,4,1
11 xBBBHxCC.GH.AA.GHIFDDEEIF.....x....x 361 8,24,70,56,16,31,48,49,33,17,7,2
12 xBBBIxCC.HI.AA.HIJGDDEEJG.....x.FF.x 547 8,24,70,56,16,31,62,69,80,72,39,16,4
15 xBBCCMFH..LMFHAAL.GIJDD.GIJK..xEEK.x 338 34,19,56,48,26,26,26,13,15,13,14,15,13,11,6,3
15 xBBCCLFG..KLFGAAK.FHIDD..HIJ..xEEJ.x 676 68,38,112,96,52,52,52,26,30,26,28,30,26,22,12,6
14 xBBCCLGH..KLGHAAK.G.IDD.EEIJ..xFFJ.x 279 27,17,50,43,21,18,19,9,8,8,13,14,14,12,6
11 xHBBCC.H.IJ.AA.IJKGDDEEKG.....x.FF.x 2093 213,174,309,227,230,209,235,201,178,85,28,4
19 xBBCCK.H..JKGHAAJ.GDDIEE...I..x.FFFx 231 28,8,8,8,8,8,5,10,10,15,11,15,18,24,21,12,8,7,5,2
20 xBBCCL.I..KLHIAAK.HDDJEE...JFFx.GGGx 696 68,14,14,14,14,14,8,16,26,36,41,55,69,84,87,60,31,20,15,8,2
18 xBBCC.HDDDL.HAAKL.I..KEEIJFF..xJGG.x 992 333,342,76,26,21,14,10,10,14,18,13,12,12,15,18,22,20,12,4
14 x.BBBxCC.IJ.AA.IJKGDDEEKG.H...x.HFFx 426 4,8,20,20,23,34,35,42,52,63,56,38,20,9,2
10 xBBB.xCCFG..AAFG.HEDDD.HE.....x....x 1352 174,276,496,112,138,54,58,26,6,4,8
11 xBBB.xCCFGH.AAFGHIEDDD.IE.....x....x 3327 319,512,1112,530,316,171,163,117,39,12,20,16
13 x.BBBxCCFGH.AAFGHJEDDDIJE...I.x....x 1821 59,111,355,432,367,152,121,102,64,21,12,14,9,2
13 x.BBBxCCFGH.AAFGHIEDDDHIE.....x....x 1436 72,142,443,400,117,74,69,60,26,9,2,7,9,6
11 xBBB.xCCGH..AAGH.IEFDDDIEF....x....x 3327 483,680,1182,311,387,82,98,60,20,10,10,4
12 xBBB.xCCGHI.AAGHIJEFDDDJEF....x....x 6888 781,1117,2267,1038,764,285,263,191,90,35,29,24,4
06 xBBCC...IDD.AAIJ..GEEJ..GH....xHFF.x 13550 6518,5182,1212,486,116,28,8
20 xBBCC.G..JDDGAAJK.EEIJK..HI...xHFF.x 5432 2770,643,174,196,184,76,34,44,65,113,163,184,191,154,116,91,94,59,47,28,6
12 xHBBCC.HDDJ.AAI.J.G.IEE.G.....x.FFFx 3444 1086,1533,134,13,29,35,39,75,90,152,154,98,6
15 xHBBCC.HDDK.AAIJK.G.IJEEG.....x.FFFx 4122 1809,1033,270,116,25,28,44,70,116,155,161,142,97,45,8,3
15 x.BBBxCCCIJ.AA.IJKGDDEEKG.H...x.HFFx 184 2,4,10,10,11,15,13,13,14,19,18,17,15,13,8,2
15 xGBBBxFGCCCJFAAH.JF..HDD....I.xEEEIx 745 65,51,150,136,63,35,41,42,38,32,28,24,22,15,2,1
15 x.BBBxFCCCIKFGAAIKFG.HDD...HJ.xEEEJx 250 16,9,34,47,37,18,12,12,12,10,9,11,11,8,3,1
09 xBBB.x..HCCJAAHI.JFDDI..FG....xGEE.x 7378 1612,924,1705,563,517,955,893,171,30,8
18 x.BBBxCCH.J.AAH.JKFGDDJKFG.I..xEEI.x 3868 416,252,500,250,207,199,253,343,309,237,157,134,144,144,135,100,61,21,6
08 xBBB.x..G..IAAGH.IECCH..EF....xFDD.x 2994 750,292,634,224,231,438,353,62,10
10 x.BBBx..G..JAAGHIJECCHI.EF....xFDD.x 6060 1185,509,1223,674,527,553,580,488,248,63,10
14 x.BBBx..G.I.AAGHIKECCHJKEF..J.xF.DDx 2607 354,152,387,289,282,234,201,172,130,128,126,96,40,12,4
17 x.BBBx..G.I.AAG.IJEFCCIJEF.H..xDDH.x 1986 231,103,251,127,107,99,126,179,160,107,72,82,94,100,78,47,17,6
15 xBBB.J..GI.JAAGI..FCCI..F.HDD.x.HEEx 149 50,2,4,2,2,6,4,10,9,8,11,9,8,11,9,4
18 xBBBJK..HIJKAAHI..FGCCDDFG....xEE..x 1798 376,209,274,116,99,90,94,93,95,59,55,47,47,32,22,31,35,20,4
18 xBBBIJ..G.IJAAGH..FCCHDDF.....x.EEEx 377 60,16,20,14,12,12,11,14,23,21,23,18,23,21,19,27,28,13,2
19 xBBBJK..H.JKAAHI..GCCIDDG.EE..x.FFFx 1074 144,24,28,18,15,18,17,30,46,57,73,77,82,83,68,74,100,84,32,4
15 xBBBIJ..H.IJAAH...FCCDD.FGEEE.xG...x 1310 178,212,307,108,86,62,71,63,34,40,43,40,30,17,14,5
19 xBBBJK..H.JKAAHI..GCCIDDGEEE..x.FFFx 665 84,8,8,4,3,6,6,12,19,30,46,58,66,65,43,43,69,66,26,3
20 x.BBB.E...H.E.AAHICCCGHI..FG..x.FDDx 892 96,49,105,80,55,52,39,34,40,49,26,13,10,16,20,28,44,52,50,26,8
11 xBBB.HE..G.HEAAG....FCCC..F...xDDD.x 356 144,16,28,12,18,24,14,22,38,20,12,8
13 xBBBHIE..GHIEAAG....FCCC..F...xDDD.x 642 144,24,50,40,39,48,47,39,63,68,40,22,14,4
13 xBBB.IE..H.IEAAH...FGCCC.FG...xDDD.x 868 450,34,58,18,28,42,33,40,50,42,35,24,10,4
18 x.HBBBF.HI.KFAAI.K.GCCC..GDDJ.xEE.Jx 8997 2683,647,1054,476,389,435,468,495,500,479,412,270,180,148,150,121,61,21,8
12 xBBB.IF..H.IFAAH....GCCC..GDD.xEEE.x 1288 564,36,64,36,68,88,82,58,88,116,48,24,16
14 xBBBIJF..HIJFAAH....GCCC..GDD.xEEE.x 1826 372,48,100,86,106,154,157,155,130,164,190,90,38,28,8
17 xBBB.JF..I.JFAAI...GHCCC.GHDD.xEEE.x 2734 1540,60,104,42,74,96,86,67,91,104,82,76,90,91,71,42,14,4
09 xBBB..E..G..EAAG....FCCC..F...xDDD.x 220 132,12,4,6,12,6,10,22,8,8
11 xBBBH.E..GH.EAAG....FCCC..F...xDDD.x 306 114,18,14,13,18,21,15,27,32,20,10,4
11 xBBB..E..H..EAAH...FGCCC.FG...xDDD.x 644 462,26,6,9,20,15,21,29,23,21,8,4
17 x.HBBBF.HI..FAAI...GCCC..GDDJ.xEE.Jx 4825 2262,598,150,159,169,192,219,227,220,201,131,95,73,64,40,15,6,4
10 xBBB..F..H..FAAH....GCCC..GDD.xEEE.x 880 572,36,12,26,42,36,30,56,46,16,8
12 xBBBI.F..HI.FAAH....GCCC..GDD.xEEE.x 850 286,36,28,32,60,67,71,52,68,84,38,20,8
12 xBBB..F..I..FAAI...GHCCC.GHDD.xEEE.x 2303 1761,66,14,33,56,61,59,76,73,53,35,12,4
16 xBBB....HJCCAAHJ..GDDJ.KG.IEEKx.IFFx 117 26,2,4,4,3,7,5,6,7,7,9,8,7,9,8,3,2
21 x...JxFGBBJKFGHAAKCCH......IDDxEEI.x 14832 1164,999,2741,3252,2478,1471,851,493,340,241,142,104,74,74,78,85,76,71,51,33,13,1
19 xGH..x.GH.BBAAI..KF.ICCKFDDJ..xEEJ.x 2934 262,194,438,585,337,179,107,79,62,75,88,90,105,90,82,77,56,22,4,2
11 x.HBBxE.HI..EAAI.JFGCC.JFG....xGDDDx 368 128,34,69,25,7,8,10,25,33,20,5,4
16 xBB.I..CC.I..FAAIJ.FGDDJ.FGH..xEEH.x 1419 42,17,41,43,51,52,56,53,67,120,192,224,195,141,69,38,18
17 xBB.J.FCC.J.FGAAJK.GHDDK.GHI..xEEI.x 2548 84,33,76,70,74,64,62,53,67,122,212,305,385,399,272,148,86,36
17 xBB.....ICCKAAIJ.KGDDJ.LGHEE.LxHFF.x 6656 1446,457,1012,720,719,621,519,379,265,223,108,46,23,26,28,28,24,12
12 xBBCC....HJ..AAHJ...GIDD.FGI..xFEE.x 863 449,107,40,43,28,7,15,25,42,43,39,19,6
13 xBBCC.F..IK.FAAIK...HJDD.GHJ..xGEE.x 1785 1047,251,62,67,28,7,15,25,50,63,75,59,24,12
13 xBBCCJ.F..IJ.FAAI..FGDD...GH..xEEH.x 1561 334,166,312,152,113,111,122,118,68,17,16,9,11,12
13 xBBCC..DDIK..AAIK...HJEE.GHJ..xGFF.x 1634 798,194,85,123,78,17,19,29,56,79,74,51,25,6
14 xBBCC.GDDJL.GAAJL...IKEE.HIK..xHFF.x 3254 1857,447,132,187,86,17,19,29,60,95,109,106,68,30,12
12 xBBCC..GDDJ..GAAJ..GHEE...HI..xFFI.x 2538 1062,748,139,96,79,112,126,87,34,21,18,11,5
14 xBBCCK.GDDJK.GAAJ..GHEE...HI..xFFI.x 3284 657,435,687,325,254,205,204,207,144,58,31,25,19,21,12
13 xBBCCK...HJK.AAHJ...GIDD.FGI..xFEE.x 987 269,59,134,53,46,60,57,55,54,63,53,48,27,9
14 xBBCCLF..IKLFAAIK...HJDD.GHJ..xGEE.x 1741 507,115,252,95,88,100,79,63,64,81,83,92,71,33,18
11 xBBCC..F..I..FAAI..FGDD...GH..xEEH.x 1009 434,248,48,37,40,63,66,38,11,12,7,5
13 x.F..xE.F...E.FAAHEBBG.H...GCCx.DD.x 879 235,124,251,145,42,22,4,6,12,6,10,12,6,4
14 x.G..xEFG...EFGAAIEBBH.I...HCCx.DD.x 3105 802,423,853,579,158,62,16,26,42,36,30,38,26,10,4
15 x.G..x..G...F.GAAIFBBH.IFCCHDDx.EE.x 560 116,54,109,116,76,15,2,3,8,9,11,12,12,10,5,2
16 x.H..x.GH...FGHAAJFBBI.JFCCIDDx.EE.x 1608 312,148,297,320,206,99,30,7,14,25,29,33,33,28,18,7,2
15 x.G..xF.G.BBF.GAAIFCCH.I...HDDx.EE.x 603 112,61,125,104,38,17,14,13,18,21,15,20,19,16,6,4
16 xGH..xFGH.BBF.HAAJFCCI.J...IDDx.EE.x 1349 192,109,224,246,88,26,28,32,60,67,71,50,52,50,34,12,8
17 x.H..x..H.BBG.HAAJGCCI.JGDDIEEx.FF.x 178 8,6,13,20,10,5,6,5,6,11,11,13,14,16,15,12,5,2
14 x.GBBxF.G...F.GAAIFCCH.I...HDDx.EE.x 806 246,69,141,102,56,60,20,12,18,24,14,18,16,6,4
16 x.HBBxG.H.CCG.HAAJGDDI.J...IEEx.FF.x 763 129,36,75,85,49,45,40,40,39,48,47,35,38,29,18,6,4
13 x.GHBBF.GH..F.GAAJFCCI.J...IDDx.EE.x 713 408,75,107,21,18,17,9,8,12,6,10,12,6,4
20 xGBB.xFG.I..FAAI.JCCH..J..HDD.x.HEEx 6068 1680,426,870,546,304,355,248,256,210,151,162,127,162,184,146,135,60,24,10,8,4
12 xGBB.xEG.IJ.EAAIJKF.HCCKF.H...xDDD.x 552 119,49,111,63,37,36,41,36,26,8,10,8,8
12 x.BBIxF.G.I.F.GAAJFCCH.J...HDDx.EE.x 2806 414,207,508,465,382,329,245,128,62,32,20,10,4
12 x.BBJxF.H.J.F.HAAKGCCI.KG..IDDx.EE.x 1048 160,68,159,157,140,129,109,62,31,16,10,5,2
15 xBBCCKF..HJKFAAHJ...GDDD..GI..xEEI.x 276 75,16,32,3,6,7,6,12,17,21,28,25,15,6,5,2
16 xBBI.x..HI.JAAH..JFGCCDDFG....xEE..x 990 272,68,144,90,84,92,40,20,14,20,20,30,25,30,19,19,3
21 xBBIJx..HIJKAAH..KFGCCDDFG....xEE..x 647 171,30,61,26,16,20,6,6,7,10,10,18,24,31,29,37,29,22,31,37,22,4
16 xBBI.x..HI.JAAH..JFGCCDDFG....xEEE.x 381 137,25,51,26,16,20,6,6,7,10,10,15,13,16,10,10,3
11 x.BB.x..GHI.AAGHIJEFCCCJEF....xDDD.x 763 157,51,108,38,57,52,77,66,86,56,14,1
19 xFBBCC.F..J..GAAJK.GHDDK.GHI..xEEI.x 216 20,10,16,8,8,8,2,6,6,7,9,11,16,20,22,17,14,8,4,4
20 xGBBCCFG..K.FHAAKL.HIDDL.HIJ..xEEJ.x 468 60,30,48,24,24,24,4,10,8,11,9,11,16,20,26,35,40,28,20,12,8
21 x.IBBxG.ICC.G.AAK.DD.JK..H.JEExH.FFx 14832 4584,2967,2077,1765,1410,582,340,199,146,113,79,47,35,53,71,94,85,82,56,33,13,1
13 xFBBCC.F..J..GAAJ..GHDD..GHI..xEEI.x 238 106,47,6,6,3,3,5,8,14,14,11,8,4,3
14 xGBBCCFG..K.FHAAK..HIDD..HIJ..xEEJ.x 614 318,139,10,8,3,3,5,8,14,18,25,26,20,11,6
11 x.BB.x..GCC.AAG..IF.GDDIF..H..xEEH.x 2485 582,311,546,184,159,252,180,121,76,46,24,4
18 x.IBBx..I.CCH.IAAKHDDJ.KHEEJFFx.GG.x 310 16,6,13,22,14,13,16,17,15,19,26,25,26,23,21,18,13,5,2
11 xBBB.x...H..AA.H.IFCCDDIF.G...x.GEEx 258 14,18,36,16,26,42,18,24,34,16,10,4
13 x.BBBx...HI.AA.HIJFCCDDJF.G...x.GEEx 281 7,9,20,14,19,27,22,29,38,40,32,15,7,2
20 xGBB.xFG.ICCFAAI.J..HDDJ..H...x.HEEx 6068 1580,773,1288,420,356,581,476,254,97,53,45,23,22,22,14,16,12,14,12,6,4
33 xBBB.x...ICCAAHI.K.GHDDK.GEEJ.xFF.Jx 6121 16,20,44,30,31,48,26,18,13,12,13,14,13,15,15,35,84,152,253,370,495,663,853,930,780,504,303,171,87,52,34,18,7,2
13 xBBB.xCCCI..AA.I.JGDDEEJG.H...x.HFFx 304 22,34,50,16,20,40,16,16,32,24,8,10,12,4
14 xBB..xCCJDDLH.JAALHEEK...I.KFFxIGG.x 4881 1426,457,555,628,450,485,359,243,130,54,34,28,18,10,4
12 xBBB.xCC.I..AA.I.JGDDEEJG.H...x.HFFx 562 36,52,86,32,46,82,34,40,66,48,22,14,4
18 xBB..xCCDD.JG.HAAJG.HIEE..HIFFx....x 1748 223,191,273,122,116,34,20,12,15,19,16,30,64,115,168,159,113,52,6
25 xBB..xHCC.DDH.IAAK..IEEK..IJFFxGGJ.x 1914 398,152,204,106,84,116,72,75,45,34,29,16,21,32,38,51,69,64,60,62,42,40,37,34,23,10
19 xBBB..HCCJDDHAAJ....IEEK..IFFKx.IGGx 2394 725,313,392,215,133,108,80,55,26,23,28,39,39,42,50,52,40,20,10,4
12 xGBB.xFG.J..FAAJ...HICCC.HIDD.xEEE.x 1608 1232,178,2,7,14,25,29,33,33,28,18,7,2
17 xGIBBxFGIJ..FAAJ...HCCC..HDDK.xEE.Kx 2534 1317,398,104,15,24,43,60,71,77,82,79,71,67,61,38,16,7,4
16 x.HBBx..H...G.HAAJGCCI.JGDDIEEx.FF.x 403 112,18,37,52,35,17,8,6,10,18,19,20,18,15,11,5,2
25 xHBB.xGH.JCCGAAJ....IDDK..IEEKx.IFFx 5196 530,140,300,425,292,318,383,409,363,318,268,259,204,190,166,104,82,104,103,81,56,46,32,16,5,2
