01 ..........AA............. 4 1,3
02 .........BAA..B.......... 14 2,6,6
02 ........B.AA.B........... 12 2,6,4
03 ........BCAA.BC.......... 44 4,12,20,8
02 .......B..AAB............ 12 4,6,2
03 .......BC.AABC........... 36 8,12,12,4
03 .......B.CAAB.C.......... 40 8,12,16,4
04 .......BCDAABCD.......... 128 16,24,48,32,8
03 ...C....C.AA.D....D...BB. 20 2,6,8,4
05 ...D....D..AAE...CE...CBB 50 7,9,16,12,5,1
03 ..C....C..AAD....D...BB.. 20 8,6,4,2
04 ..C....CE.AADE...D...BB.. 50 12,9,14,11,4
06 ...E...CE.AACF...DF...DBB 25 4,3,6,5,4,1,2
06 ...E.C..E.CAAF...DF...DBB 120 24,24,34,24,10,2,2
12 ..D....DF.AAEF.C.EG.CBBG. 52 13,7,10,5,4,1,2,3,1,2,2,1,1
03 ....C....CAA..D....D...BB 33 3,9,18,3
04 ....D...CDAA.CE....E...BB 93 5,15,42,27,4
05 ....D....D.AA.E..C.E..CBB 72 10,12,30,15,3,2
06 ....E...DE.AADF..C.F..CBB 214 17,21,68,67,31,8,2
06 ....E..C.EAAC.F..D.F..DBB 31 5,3,8,6,5,1,3
07 ....F..CEFAACEG..D.G..DBB 97 9,6,20,23,19,11,5,4
03 ...C....C.AA.D....D..BBB. 12 1,3,4,4
04 ...D...CD.AACE....E..BBB. 24 3,3,6,8,4
06 ....E.C..E.CAAF..D.F..DBB 146 33,23,54,24,6,4,2
05 ...D....D.AA.E.C..E.CBBB. 30 3,7,8,8,2,2
06 ...E...DE.AADF.C..F.CBBB. 50 9,7,10,12,6,2,4
12 ..D....D.FAAE.F.CE.G.CBBG 58 16,5,12,6,5,1,3,3,2,2,1,1,1
13 ..D....DFGAAEFG.CE.H.CBBH 152 28,10,28,23,19,11,5,7,2,6,5,3,3,2
06 ....EC...ECAA.F..D.F..DBB 192 36,34,78,30,6,4,4
07 ....FC..EFCAAEG..D.G..DBB 518 60,58,172,142,58,16,8,4
12 ..D....D.FAAE.FC.E.GCBB.G 70 17,7,16,6,5,1,3,6,1,2,2,2,2
13 ..D....DFGAAEFGC.E.HCBB.H 196 30,14,40,31,19,11,5,10,7,4,6,7,7,5
15 ..D....DFHAAEFHC.EGICBBGI 110 13,7,24,25,13,7,1,2,3,1,2,2,3,4,2,1
04 ...C....CEAA.DE...D...BB. 74 4,12,28,22,8
06 ...D....DF.AAEF..CE...CBB 180 14,18,50,54,31,11,2
07 ....FCD..FCDAAG..E.G..EBB 442 120,72,158,56,12,8,12,4
04 ..C....C.EAAD.E..D...BB.. 56 13,9,18,12,4
05 ..C....CEFAADEF..D...BB.. 160 21,15,40,46,30,8
07 ...E...CEGAACFG..DF...DBB 88 8,6,18,22,17,9,4,4
13 ..E....E.GAAF.GCDF.HCDBBH 154 55,13,28,6,5,1,3,9,12,8,5,4,4,1
14 ..E....EGHAAFGHCDF.ICDBBI 356 94,26,64,31,19,11,5,13,18,14,21,15,13,10,2
04 ....D....DAA..E....E.BBCC 16 1,3,6,3,3
05 ....E...DEAA.DF....F.BBCC 36 1,3,10,11,7,4
06 ....E....EAA..FD...FDBBCC 41 3,7,14,7,7,2,1
07 ...E.C..EGCAAFG..DF...DBB 416 48,48,116,110,62,22,6,4
07 ....F...EFAA.EGD...GDBBCC 85 3,7,22,23,15,10,3,2
07 ....F..E.FAAE.GD...GDBBCC 66 9,7,16,11,10,6,5,2
08 ....G..EFGAAEFHD...HDBBCC 142 9,7,24,31,26,20,13,8,4
13 ..D....DFHAAEFHC.EG.CBBG. 172 26,14,34,30,17,9,4,7,7,4,6,7,4,3
03 ....C....CAA..D....D..BBB 23 2,6,12,3
04 ....D...CDAA.CE....E..BBB 61 3,9,26,19,4
04 ....D..C.DAAC.E....E..BBB 41 6,6,16,11,2
05 ....E..CDEAACDF....F..BBB 115 9,9,32,39,22,4
05 ....D....DAA..E.C..E.CBBB 44 6,10,20,5,1,2
06 ....E...DEAA.DF.C..F.CBBB 94 9,15,38,21,5,2,4
06 ....E..D.EAAD.F.C..F.CBBB 72 18,10,24,13,3,2,2
07 ....F..DEFAADEG.C..G.CBBB 166 27,15,44,41,23,6,6,4
04 ...C....CEAA.DE...D..BBB. 44 2,6,14,14,8
05 ...D...CDFAACEF...E..BBB. 86 6,6,18,26,22,8
06 ...D....DFAA.EFC..E.CBBB. 108 6,14,30,28,19,7,4
07 ...E...DEGAADFGC..F.CBBB. 172 18,14,34,40,33,15,10,8
03 .......BB.AA.D....D...CC. 112 16,48,40,8
03 ......BB..AAD....D...CC.. 112 40,48,20,4
04 ......BBE.AADE...D...CC.. 196 40,48,60,37,11
06 ...E..BBE..AAF...DF...DCC 70 10,12,21,15,9,2,1
06 ..E....EBB.AAF....F.CCDD. 95 14,15,27,20,12,5,2
03 .......BB.AA.D....D..CCC. 76 10,30,28,8
03 ......BB..AAD....D..CCC.. 60 24,18,12,6
04 ......BBE.AADE...D..CCC.. 95 20,15,24,23,13
05 ...E..BBE.AADF...DF..CCC. 30 4,3,6,9,6,2
07 ..F....FBB.AAG..CCG.DDEE. 224 40,48,68,38,14,7,7,2
07 ...F.DBBF.DAAG...EG...ECC 92 20,16,21,14,11,5,3,2
07 ..F..E.FBBEAAG....G.CCDD. 116 26,18,23,17,12,11,5,4
05 D..F.DBBF.AAE....E...CCC. 141 44,21,24,22,18,12
10 .......GBBAAGH.FCCH.FDDEE 70 8,5,7,10,8,11,8,6,5,1,1
06 .......FBBAAFG.ECCG.EDDD. 81 16,12,10,19,12,10,2
06 ....E.BB.E.AA.F..D.F..DCC 124 18,18,44,23,13,4,4
07 ....F.BBEF.AAEG..D.G..DCC 330 27,30,95,92,52,24,7,3
06 ....F..BBFAA.EG...EG.CCDD 82 2,6,20,24,18,10,2
05 ....E.BB.EAAD.F..D.F..CCC 59 10,6,16,15,10,2
06 ....F.BBEFAADEG..D.G..CCC 153 13,9,32,43,36,17,3
07 ....F.BB.F.DAAG.DE.G..ECC 116 31,13,29,14,12,7,7,3
12 .E....EBBGAAF.GD.F.HDCC.H 264 86,27,57,17,12,7,9,24,10,3,4,4,4
14 .E....EBBHAAF.HD.FGIDCCGI 154 50,20,45,12,6,5,1,1,3,1,1,2,3,3,1
07 .D....DBBG.AAFG..EF...ECC 204 59,33,49,26,19,12,4,2
06 .......DBBAAD.F..E.F..ECC 24 5,3,5,4,3,1,3
11 ..E....EBBAAF..D.FG.DCCG. 44 13,7,6,3,3,1,2,3,1,2,2,1
08 .E...DEBBHDAAGH..FG...FCC 500 172,84,114,47,35,21,12,10,5
09 .F..H.FBBHAAG..E.G..ECCDD 264 107,35,58,33,19,6,1,2,1,2
05 .D..F.DBBFAAE....E....CCC 141 58,18,28,17,14,6
06 .D..G.DBBGAAEF...EF..CCC. 76 23,7,11,9,12,8,6
06 .E....EBBGAA.FGD..F.DCCC. 213 35,47,59,28,28,10,6
08 D...GDBB.GAAF...EF...ECCC 352 173,44,59,33,22,13,2,2,4
09 .E..H.EBBHAAFG.D.FG.D.CCC 155 57,15,21,13,17,11,10,5,4,2
07 ....FDBB.FDAA.G..E.G..ECC 206 44,28,62,25,21,8,10,8
08 ....GDBBFGDAAFH..E.H..ECC 460 60,44,125,98,60,38,17,12,6
08 ....G..BBGAA.FHE..FHECCDD 135 4,9,28,33,27,18,10,5,1
05 ....F..BBFAA.EGD..EGD.CCC 290 17,40,112,85,34,2
05 ......BBCCAAF.GE.F.GE..DD 164 46,30,41,25,16,6
03 .......BBBAA..D....D...CC 128 17,51,57,3
04 ......BBBEAA.DE...D...CC. 226 17,51,94,52,12
06 .......FBBAAF.G.ECCG.EDDD 136 36,26,34,23,11,5,1
04 .....BBB.EAAD.E..D...CC.. 112 24,21,34,22,11
05 .....BBBEFAADEF..D...CC.. 211 25,24,53,51,41,17
07 ...E.BBBEG.AAFG..DF...DCC 71 6,6,16,16,13,9,3,2
05 .......BBBAAE.F..E.FCCDD. 53 8,6,14,11,11,3
06 ......BBBGAAEFG..EF.CCDD. 77 4,3,11,16,20,15,8
03 .......BBBAA..D....D..CCC 93 12,36,42,3
04 ......BBBEAA.DE...D..CCC. 149 10,30,59,38,12
06 .D....DBB..AAF...EF...ECC 98 40,24,13,10,8,2,1
07 .E...DEBB.DAAG...FG...FCC 258 122,64,25,21,14,6,4,2
05 .D....DBB.AAEF...EF..CCC. 40 16,6,4,7,5,2
05 .E....EBB.AA.F.D..F.DCCC. 84 22,30,8,16,4,4
07 .E....EBB.AAFG.D.FG.DCCC. 90 42,14,6,11,7,4,4,2
07 .......DBBAADFG..EFG..ECC 32 4,3,7,7,5,3,1,2
11 ..E....EBBAAF...DF.G.DCCG 48 16,5,7,4,3,1,3,3,2,2,1,1
07 .......GBBAAG.HFCCCHFDDEE 70 10,12,14,14,14,4,1,1
07 .....BBCCG.AAFG..EF...EDD 148 16,18,37,31,23,15,5,3
07 .D....DBBB.AAFG..EFG..ECC 56 21,9,12,5,4,3,1,1
04 ......BBCCAA..F....F.DDEE 60 6,18,24,9,3
06 ......BBCCAAF.G..F.G.DDEE 58 9,6,12,14,13,3,1
08 .E....EBBBAAF..D.F.GDCC.G 294 122,42,67,26,22,10,1,2,2
08 .E....EBBBAAF....F.GCCDDG 23 8,2,4,1,2,2,1,2,1
05 ....FBBCCFAAE....E....DDD 51 10,6,10,11,10,4
06 ....GBBCCGAAEF...EF..DDD. 57 5,3,7,10,14,10,8
08 .....EFBBBEFAAHCCG.H..GDD 44 16,7,8,3,3,1,2,3,1
06 .G....GBBBAA..HFCCCHFDDEE 82 10,17,17,17,17,3,1
09 ....HBBCCHEAAG.E.FG...FDD 164 28,20,34,23,20,14,12,6,5,2
06 .....BBCCGAA.FGE..F.EDDD. 94 6,13,20,15,19,13,8
06 .......DBBAADF...EF...ECC 20 4,3,4,3,3,1,2
11 ..E....EBBAAF..D.F.GDCC.G 57 17,7,9,4,3,1,3,6,1,2,2,2
03 ......BBB.AA.D....D...CC. 72 10,30,24,8
03 .....BBB..AAD....D...CC.. 48 18,18,6,6
04 .....BBBE.AADE...D...CC.. 72 15,15,17,15,10
06 ...E.BBBE..AAF...DF...DCC 20 3,3,5,3,4,1,1
05 ......BBB.AAEF...EF.CCDD. 30 4,3,5,8,6,4
03 ......BBB.AA.D....D..CCC. 48 6,18,16,8
06 .....BBCC..AAF...EF...EDD 72 13,15,16,12,11,3,2
05 .....BBCC.AAEF...EF..DDD. 30 5,3,4,8,6,4
13 .....BBB.FAAE.FD.E.GDCC.G 86 20,9,19,4,5,1,2,6,5,2,3,4,4,2
15 ...F.BBBFGAAE.GD.E.HDCC.H 138 20,11,29,16,6,5,1,1,3,3,6,7,7,10,8,5
08 E...GEBBBGAA.FH...FH.CCDD 50 1,2,6,7,8,10,8,6,2
05 ....F.BBBFAA.EGD..EGD.CCC 126 7,16,44,35,22,2
09 F...HFBBBHAA.GICC.GI.DDEE 86 2,4,11,11,11,15,15,11,5,1
07 .....BBCC.EAAG.E.FG...FDD 92 24,18,13,12,10,8,4,3
09 F....FBBCCAAG....G.HDDEEH 24 5,2,4,2,2,4,1,1,2,1
05 .....BBCC.AA.F.E..F.EDDD. 46 5,11,6,12,6,6
07 .....FBBCCFAA.HDDG.H..GEE 30 8,5,6,3,3,1,2,2
06 .D....DBBB.AAF...EF...ECC 32 15,7,3,2,3,1,1
06 ..DBB..DF.AAEF...ECC..... 20 4,3,4,3,3,1,2
11 DBB.GD.E.GAAE....FCC..F.. 57 17,7,9,4,3,1,3,6,1,2,2,2
13 .E....EBBBAAF..D.FGHDCCGH 132 58,21,26,7,4,3,1,1,3,1,1,2,3,1
07 ..EBB..EG.AAFG...FCC.DD.. 48 10,6,8,8,8,2,4,2
06 .E....EBBBAA.FGD..FGDCCC. 85 17,21,25,8,9,3,2
07 ..EBB..EFG.AAFGCCDD...... 148 16,18,37,31,23,15,5,3
05 ..FBB..F.GAA..G.CCDD...EE 416 84,72,114,85,58,3
03 ...BB....CAA..C....D....D 33 3,9,18,3
06 ..GBB..G.H.AA.H.CCDD.EEFF 280 54,42,69,55,51,7,2
04 ...BB...CDAA.CD....E....E 93 5,15,42,27,4
05 ..CBB..C.D.AA.D....E....E 72 10,12,30,15,3,2
06 ..CBB..CDE.AADE....F....F 214 17,21,68,67,31,8,2
06 ..CBB..C.EAAD.E..D.F....F 31 5,3,8,6,5,1,3
07 ..CBB..CEFAADEF..D.G....G 97 9,6,20,23,19,11,5,4
05 ..FBB..F.GAA..G.CCDD..EEE 272 57,39,64,59,50,3
06 ..DBB.CD.E.CAAE....F....F 146 33,23,54,24,6,4,2
12 .CBBF.CD.FAAD.G..E.G..E.. 58 16,5,12,6,5,1,3,3,2,2,1,1,1
13 .CBBG.CDFGAADFH..E.H..E.. 152 28,10,28,23,19,11,5,7,2,6,5,3,3,2
03 ...BB....DAA..D..CCC..... 128 17,51,57,3
04 ..BB....DEAA.DE.CCC...... 226 17,51,94,52,12
05 .......BBBAAE.FD.E.FDCC.. 220 66,40,61,29,20,4
04 .BB....D.EAAD.ECCC....... 112 24,21,34,22,11
06 ......BBBGAAEFGD.EF.DCC.. 294 54,34,65,46,40,37,18
05 .BB....DEFAADEFCCC....... 211 25,24,53,51,41,17
07 ..DBB..DEG.AAEGCCCF....F. 71 6,6,16,16,13,9,3,2
06 ..DBBC.D.ECAA.E....F....F 192 36,34,78,30,6,4,4
06 E....EBBBGAA.FG...F.CCDD. 130 5,11,30,27,25,23,9
07 ..DBBC.DEFCAAEF....G....G 518 60,58,172,142,58,16,8,4
09 E....E.BBBAAFG...FGHCCDDH 47 5,2,6,5,5,7,4,5,7,1
12 CBB.FC.D.FAAD.G..E.G..E.. 70 17,7,16,6,5,1,3,6,1,2,2,2,2
13 CBBFGC.DFGAAD.H..E.H..E.. 196 30,14,40,31,19,11,5,10,7,4,6,7,7,5
15 CBBFHC.DFHAADGI..EGI..E.. 110 13,7,24,25,13,7,1,2,3,1,2,2,3,4,2,1
07 ..EBBCDE.FCDAAF....G....G 442 120,72,158,56,12,8,12,4
08 .....EBBBHEAAGHCCFG...FDD 112 18,15,27,18,13,10,4,4,3
05 ..FBB..F.GAA..G..CCC.DDEE 272 48,39,70,56,56,3
13 CDBBGCDE.GAAE.H..F.H..F.. 154 55,13,28,6,5,1,3,9,12,8,5,4,4,1
07 F....FBBBHAA.GHCC.G.DDEE. 254 14,31,68,42,25,33,32,9
14 CDBBHCDEGHAAEGI..F.I..F.. 356 94,26,64,31,19,11,5,13,18,14,21,15,13,10,2
06 ..DBB..D.E.AA.E....F.CC.F 168 24,18,46,34,30,8,8
07 ..DBB..DEF.AAEF....G.CC.G 458 34,30,100,114,90,66,16,8
03 ........BBAA..D....D...CC 180 24,72,81,3
07 ..DBB..D.FAAE.F..E.G.CC.G 48 7,3,8,8,10,2,6,4
04 .......BBEAA.DE...D...CC. 366 28,84,158,84,12
08 ..DBB..DFGAAEFG..E.H.CC.H 144 12,6,20,26,30,22,10,10,8
04 ......BB.EAAD.E..D...CC.. 266 54,60,98,44,10
05 ......BBEFAADEF..D...CC.. 586 67,78,182,162,79,18
06 ..BBF...EFAA.EG....G.CCDD 96 2,6,20,26,26,12,4
07 ...E..BBEG.AAFG..DF...DCC 251 20,24,66,70,44,20,5,2
06 ..DBB..D.E.AA.E....FCCC.F 87 14,6,16,19,22,6,4
07 ..DBB..DEF.AAEF....GCCC.G 226 17,9,32,47,56,47,14,4
11 .E....EBBBAAF..D.FG.DCCG. 81 44,17,5,2,3,1,1,3,1,1,2,1
04 .E....EBBBAA..F....F.CCDD 51 11,13,17,6,4
05 .F....FBBBAA..GE...GECCDD 130 27,31,41,17,12,2
06 ..DBB..D.E.AA.E.CC.F....F 124 18,18,44,23,13,4,4
05 .......EBBAAE.F....F.CCDD 146 26,24,51,30,14,1
05 .E....EBBBAA.F.D..F.DCCC. 46 13,17,4,8,2,2
07 ..DBB..DEF.AAEF.CC.G....G 330 27,30,95,92,52,24,7,3
07 ..E....EBB.AAFG...FGCCDD. 254 18,18,63,77,49,21,6,2
03 ........BBAA..D....D..CCC 131 17,51,60,3
04 .......BBEAA.DE...D..CCC. 245 17,51,103,62,12
04 ......BB.EAAD.E..D..CCC.. 133 31,21,38,29,14
06 .G....GBBBAA..HFCC.HFDDEE 254 51,62,72,34,29,5,1
05 ......BBEFAADEF..D..CCC.. 278 33,24,65,77,57,22
06 ...E..BBEGAADFG..DF..CCC. 107 8,6,18,28,28,15,4
05 ..BBF...EFAA.EG..CCG...DD 660 30,90,256,196,86,2
04 ..BB....CEAA.CE...D....D. 74 4,12,28,22,8
06 ..CBB..CDF.AADF...E....E. 180 14,18,50,54,31,11,2
04 .BB....C.EAAC.E..D....D.. 56 13,9,18,12,4
05 .BB....CEFAACEF..D....D.. 160 21,15,40,46,30,8
07 ..CBB..CEGAADEG..DF....F. 88 8,6,18,22,17,9,4,4
05 ..BBF...EFAA.EG..CCG..DDD 434 18,54,156,132,72,2
11 .DBBG.DE.GAAE....FCC..F.. 48 16,5,7,4,3,1,3,3,2,2,1,1
13 DBBGHD.EGHAAE....FCC..F.. 65 13,7,13,9,5,3,1,2,3,1,2,2,3,1
06 ..EBB..EF..AAF.CCDD...... 72 13,15,16,12,11,3,2
07 ..DBBC.DEGCAAEG...F....F. 416 48,48,116,110,62,22,6,4
04 CBB.FC.D.FAAD....E....E.. 140 46,24,42,18,10
05 CBBFGC.DFGAAD....E....E.. 350 72,38,88,80,49,23
13 CBBFHC.DFHAADG...EG...E.. 172 26,14,34,30,17,9,4,7,7,4,6,7,4,3
08 ..F....FBB.AAGH.CCGHDDEE. 552 48,57,163,163,78,23,10,8,2
03 ..BB....D.AA.D..CCC...... 72 10,30,24,8
03 .BB....D..AAD..CCC....... 48 18,18,6,6
04 .BB....DE.AADE.CCC....... 72 15,15,17,15,10
06 ..DBB..DE..AAE.CCCF....F. 20 3,3,5,3,4,1,1
03 ...BB....DAA..D........CC 192 24,72,90,6
04 ..BB....DEAA.DE.......CC. 432 28,84,176,112,32
04 .BB....D.EAAD.E......CC.. 336 68,60,116,72,20
05 .BB....DEFAADEF......CC.. 808 82,78,208,224,160,56
07 ..DBB..DEG.AAEG...F..CCF. 340 24,24,68,84,78,48,10,4
06 ..DBB..D.F.AA.F..E....ECC 112 24,12,26,24,20,2,4
07 ..DBB..DFG.AAFG..E....ECC 284 32,18,52,70,64,40,4,4
08 ..DBB..DFHAAEFH..EG..CCG. 124 10,6,18,24,26,18,8,10,4
07 ..EBB..EFG.AAFG.....CCDD. 370 22,18,64,86,88,70,14,8
08 ..EBB..E..AAF....F.GCCDDG 50 7,3,8,8,11,2,6,4,1
09 ..EBB..EG.AAFG...F.HCCDDH 107 6,3,12,19,23,22,4,8,8,2
03 ...BB....DAA..D.......CCC 140 17,51,66,6
04 ..BB....DEAA.DE......CCC. 292 17,51,112,80,32
04 .BB....D.EAAD.E.....CCC.. 180 41,21,44,46,28
05 .BB....DEFAADEF.....CCC.. 410 42,24,70,98,112,64
07 ..DBB..DEG.AAEG...F.CCCF. 148 10,6,18,30,40,31,11,2
03 ...BB....DAA..D...CC..... 180 24,72,81,3
04 ..BB....DEAA.DE..CC...... 366 28,84,158,84,12
04 .BB....D.EAAD.E.CC....... 266 54,60,98,44,10
08 ...F.DBBFHDAAGH..EG...ECC 312 40,32,74,67,46,28,13,8,4
05 ...BB..CCFAA.EF...EG..DDG 660 30,90,256,196,86,2
05 .BB....DEFAADEF.CC....... 586 67,78,182,162,79,18
07 ..DBB..DEG.AAEG.CCF....F. 251 20,24,66,70,44,20,5,2
09 ..F..E.FBBEAAG....GHCCDDH 264 32,20,61,59,39,24,15,7,5,2
05 D...FDBB.FAAE....E....CCC 234 81,36,53,34,24,6
06 D..FGDBBFGAAE....E...CCC. 352 69,30,69,65,53,38,28
07 ..BBG..CCGAA.FH...FH.DDEE 224 4,12,40,56,62,34,14,2
07 .BB.G.CC.G.AA.H..F.HDDFEE 122 13,3,8,13,24,25,24,12
08 .BB.H.CCGH.AAGI..F.IDDFEE 230 7,3,12,22,36,53,50,35,12
05 ...BB..CCFAA.EF...EG.DDDG 421 17,51,148,127,76,2
05 ..FBB..F.GAA..G...CC.DDEE 518 94,72,142,116,91,3
07 .......GBBAAG.HFCC.HFDDEE 193 38,29,45,38,31,8,2,2
11 .......GBBAAGHIFCCHIFDDEE 136 8,5,17,21,23,17,15,10,9,7,3,1
07 .......FBBAAFGHECCGHEDDD. 157 16,12,22,22,31,25,27,2
06 ..DBB..D.FAAE.F..ECC..... 24 5,3,5,4,3,1,3
11 DBBG.D.EG.AAE....FCC..F.. 44 13,7,6,3,3,1,2,3,1,2,2,1
07 ..EBB..E.GAAF.G..FCC.DD.. 56 12,6,10,10,8,2,6,2
08 ..FBBCCFGHEAAGHEDDD...... 112 18,15,27,18,13,10,4,4,3
08 ..GBBCCG.HEFAAHEFDDD..... 44 16,7,8,3,3,1,2,3,1
05 .BB....FCCAAFG.DDDG...EE. 64 12,12,12,16,8,4
06 .BB....GCCAAG.HDDD.H.EEFF 92 12,12,16,20,20,8,4
05 ...BB.CCDDAA..G..F.G..FEE 416 84,72,114,85,58,3
13 ..E....EBBAAF..D.FGHDCCGH 65 13,7,13,9,5,3,1,2,3,1,2,2,3,1
12 ..F....FBBAAG..DEG.HDECCH 133 55,13,15,4,3,1,3,9,12,8,5,4,1
07 ..FBBCCFG.EAAG.EDDD...... 46 12,10,8,4,6,2,2,2
07 .BB....ECCAAE.G..F.G..FDD 56 12,6,10,10,8,2,6,2
06 .BB.GCCDDGAAF....F....EEE 167 36,12,20,30,34,27,8
07 .BB.HCCDDHAAFG...FG..EEE. 190 18,6,14,24,39,39,34,16
06 .BB..CCDD.AAFG...FG..EEE. 100 18,6,8,20,20,20,8
06 ....EBBB.E.AA.F..D.F..DCC 52 8,6,14,8,10,2,4
07 ....FBBBEF.AAEG..D.G..DCC 116 10,9,27,25,21,16,5,3
06 ....F.BBBFAA.EG...EG.CCDD 46 1,3,10,13,11,6,2
05 ......BBB.AAEF.D.EF.DCC.. 115 34,23,19,14,17,8
05 E....EBBB.AA.F....F.CCDD. 51 4,9,10,10,12,6
07 E....EBBB.AAFG...FG.CCDD. 23 5,2,2,2,4,2,2,4
07 .....EBBB.EAAG.CCFG...FDD 46 12,10,8,4,6,2,2,2
06 F....FBBB.AA.G.CC.G.DDEE. 105 12,27,20,10,12,18,6
04 ...BB...CCAA..F....F.DDEE 424 43,129,192,57,3
05 ..BB...CCGAA.FG...F.DDEE. 538 16,48,136,156,146,36
05 ...BB.CC.GAAF.G..F...DDEE 442 76,48,108,111,88,11
08 ..FBB..FCC.AAGH...GHDDEE. 651 32,24,86,123,153,144,69,18,2
05 .......BBBAAE.F.DE.F.DCC. 115 41,17,28,13,12,4
07 ......EBBB.EAAGCCF.G..FDD 27 8,4,5,3,3,1,2,1
03 ..BB....C.AA.C....D....D. 20 2,6,8,4
05 .BB...CC.FAAE.F..E..DDD.. 386 95,33,64,82,80,32
05 ..CBB..CD..AAD....E....E. 50 7,9,16,12,5,1
03 .BB....C..AAC....D....D.. 20 8,6,4,2
04 .BB....CE.AACE...D....D.. 50 12,9,14,11,4
06 ..CBB..CE.AADE...DF....F. 25 4,3,6,5,4,1,2
06 .BB...CCFGAAEFG..E..DDD.. 707 76,30,84,129,181,151,56
06 ..DBBC.DE.CAAE....F....F. 120 24,24,34,24,10,2,2
04 CBBF.C.DF.AAD....E....E.. 120 42,24,28,17,9
12 CBBF.C.DF.AADG...EG...E.. 52 13,7,10,5,4,1,2,3,1,2,2,1,1
04 ..BB..CCC.AA.F....F.DDEE. 120 6,18,24,48,24
06 ..BB..CCC.AAFG...FG.DDEE. 100 8,6,10,24,24,20,8
03 ..BB....D.AA.D........CC. 128 16,48,48,16
03 .BB....D..AAD........CC.. 128 48,48,24,8
04 .BB....DE.AADE.......CC.. 256 48,48,72,60,28
06 ..DBB..DE..AAE....F..CCF. 96 12,12,22,22,22,4,2
06 ..DBB..DF..AAF...E....ECC 96 20,12,20,20,20,2,2
07 ..DBB..DF.AAEF...EG..CCG. 36 5,3,6,6,8,2,4,2
06 ..EBB..EF..AAF......CCDD. 132 17,15,28,28,34,6,4
07 ..EBB..EG.AAFG...F..CCDD. 42 6,3,6,7,10,2,4,4
03 ..BB....D.AA.D.......CCC. 88 10,30,32,16
03 .BB....D..AAD.......CCC.. 72 30,18,12,12
04 .BB....DE.AADE......CCC.. 132 25,15,26,34,32
06 ..DBB..DE..AAE....F.CCCF. 42 5,3,6,10,12,5,1
03 ..BB....D.AA.D...CC...... 112 16,48,40,8
03 .BB....D..AAD...CC....... 112 40,48,20,4
04 .BB....DE.AADE..CC....... 196 40,48,60,37,11
06 ..DBB..DE..AAE..CCF....F. 70 10,12,21,15,9,2,1
06 ..BB.CCCGHAAFGH..FDD.EE.. 108 12,12,24,24,22,10,4
04 ...BB..CCCAA..F....F.DDEE 300 30,90,132,45,3
05 ..BB..CCCGAA.FG...F.DDEE. 322 8,24,68,88,98,36
06 ...BB..CCCAAF.G..F.GDDEE. 192 24,18,42,45,40,20,3
07 ..BB..CCCHAAFGH..FG.DDEE. 247 8,6,22,36,60,55,44,16
07 ..DBB..DFGAAEFG..ECC..... 32 4,3,7,7,5,3,1,2
12 DEBBHDEF.HAAF....GCC..G.. 133 55,13,15,4,3,1,3,9,12,8,5,4,1
08 ..EBB..EGHAAFGH..FCC.DD.. 76 10,6,14,16,14,8,2,4,2
06 ..DBB..D.E.AA.ECCC.F....F 52 8,6,14,8,10,2,4
07 ..DBB..DEF.AAEFCCC.G....G 116 10,9,27,25,21,16,5,3
05 ..BBF...EFAA.EG.CCCG...DD 396 18,54,152,116,54,2
05 ...BB.CC.GAAF.G..FDD.EE.. 1696 344,312,512,358,162,8
05 ..BBF...EFAA.EG.CCCG..DDD 263 11,33,94,79,44,2
07 ..EBBD.E.FDAA.F....G.CC.G 344 76,36,80,46,46,20,24,16
06 ..BB..CCGHAAFGH..FDD.EE.. 2664 278,270,644,654,542,268,8
08 ..EBBD.EFGDAAFG....H.CC.H 804 102,58,168,150,122,104,52,32,16
08 ..BBG...FGAA.FHE...HECCDD 186 5,11,34,43,47,24,14,6,2
05 ..BBF...EFAA.EGD...GD.CCC 390 20,46,132,116,72,4
13 DBB.FD.E.FAAE.G....GCCC.. 158 43,11,24,15,12,5,2,6,7,3,6,8,8,8
15 DBBFGD.EFGAAE.H....HCCC.. 330 47,15,44,41,30,26,10,2,6,8,9,16,20,24,24,8
07 ..EBBD.E.FDAA.F.CC.G....G 206 44,28,62,25,21,8,10,8
08 ..EBBD.EFGDAAFG.CC.H....H 460 60,44,125,98,60,38,17,12,6
06 .BB....GCCAAG.H.DD.H.EEFF 968 172,126,234,223,183,26,4
09 ..GBB..GCC.AAHI.DDHIEEFF. 1232 81,69,199,237,251,226,102,53,12,2
08 BB..GE...GEAA.HCCF.H..FDD 516 114,54,116,57,61,42,30,40,2
05 ...BBCCC.GAAF.G..FDD.EE.. 176 36,36,48,36,16,4
09 BB..HE..GHEAAGICCF.I..FDD 1012 129,76,213,175,132,128,78,45,34,2
04 ..BB...CC.AA.F....F.DDEE. 192 12,36,48,72,24
07 ..FBB..FCC.AAG....G.DDEE. 256 25,21,38,52,65,40,13,2
04 .BB...CC..AAE....E..DDD.. 192 84,36,24,36,12
05 .BB...CCF.AAEF...E..DDD.. 256 49,21,34,57,63,32
14 EBB.GE.F.GAAF.HCC..HDDD.. 298 70,26,54,24,12,6,4,12,18,9,9,14,16,16,8
16 EBBGHE.FGHAAF.ICC..IDDD.. 531 69,32,88,69,32,20,9,3,9,16,15,21,30,38,42,30,8
13 DBB.FD.E.FAAE.GCCC.G..... 86 20,9,19,4,5,1,2,6,5,2,3,4,4,2
15 DBBFGD.EFGAAE.HCCC.H..... 138 20,11,29,16,6,5,1,1,3,3,6,7,7,10,8,5
05 ..BB..CCG.AAFG...FDD.EE.. 1024 192,192,240,228,164,8
14 EBB.GE.F.GAAF.HCCC.HDD... 248 56,24,50,17,11,4,4,12,16,9,8,11,12,10,4
16 EBBGHE.FGHAAF.ICCC.IDD... 382 51,28,74,49,19,12,4,2,6,9,13,17,20,25,26,19,8
08 ..GBB..GCC.AAH..DDH.EEFF. 528 68,60,86,93,115,59,34,11,2
14 EBB.GE.F.GAAF.HCCC.HDDD.. 162 36,15,31,13,6,3,2,6,11,7,5,7,8,8,4
16 EBBGHE.FGHAAF.ICCC.IDDD.. 244 31,17,45,33,13,7,3,1,3,6,7,10,13,15,18,14,8
08 ..FBBCCF.GEAA.GE...HDD..H 516 114,54,116,57,61,42,30,40,2
09 ..FBBCCFGHEAAGHE...IDD..I 1012 129,76,213,175,132,128,78,45,34,2
07 ..GBBCCG.HFAA.HFDDEE..... 30 8,5,6,3,3,1,2,2
09 ..BBH..CCHAA.GIF..GIFDDEE 318 7,15,46,63,77,52,32,18,7,1
08 .BB....ECCAAEGH..FGH..FDD 76 10,6,14,16,14,8,2,4,2
05 .BB....FCCAAF.GDDD.G...EE 176 36,36,48,36,16,4
06 ..BBG..CCGAA.FHE..FHE.DDD 742 37,84,236,211,150,23,1
07 ..FBBCCF.G.EAAG.EDDD..... 27 8,4,5,3,3,1,2,1
07 .BB....ECCAAEG...FG...FDD 48 10,6,8,8,8,2,4,2
14 EBBH.E.FH.AAF....GCCDDG.. 82 28,11,8,5,5,1,2,5,1,2,5,2,2,4,1
06 .BB....FCCAAFGHDDDGH..EE. 108 12,12,24,24,22,10,4
05 ...BB.CCCFAA.EF...EG..DDG 396 18,54,152,116,54,2
05 ..BB.CCCG.AAFG...FDD.EE.. 64 12,12,12,16,8,4
07 ..BBG.CCCGAA.FH...FH.DDEE 128 2,6,20,30,36,22,10,2
05 ...BB.CCCFAA.EF...EG.DDDG 250 10,30,86,74,48,2
14 BBF....FCCAAG..E.GH.EDDH. 82 28,11,8,5,5,1,2,5,1,2,5,2,2,4,1
09 BB...GCCDDGAAIJEEHIJ..HFF 118 21,17,30,19,12,9,3,3,3,1
14 BB...CCC.GAAF.GE.F.HEDD.H 248 56,24,50,17,11,4,4,12,16,9,8,11,12,10,4
16 BB.G.CCCGHAAF.HE.F.IEDD.I 382 51,28,74,49,19,12,4,2,6,9,13,17,20,25,26,19,8
08 ..EBBD.EFHDAAFH...G..CCG. 548 68,44,100,104,98,70,36,20,8
08 ..EBB..E..AAF..D.F.GDCC.G 208 70,22,40,16,24,4,12,16,4
09 F.BBHFCCCHAA.GI...GI.DDEE 132 2,4,12,16,22,24,23,18,9,2
10 ..EBB..E..AAF..D.FGHDCCGH 416 86,30,72,62,50,54,8,16,24,12,2
06 ..BBG.CCCGAA.FHE..FHE.DDD 352 17,38,104,95,78,19,1
07 ..EBBD.EF.DAAF....G..CCG. 164 34,22,28,28,26,14,8,4
08 ..EBB..E..AAF..D.FG.DCCG. 164 56,22,24,14,22,4,8,12,2
07 ..FBBE.FG.EAAG......CCDD. 206 46,26,32,30,30,24,10,8
16 BBF....FCCAAG..E.GHIEDDHI 116 28,11,19,13,9,5,1,2,5,1,2,5,4,3,4,3,1
05 E..BBE.F.GAAF.G......CCDD 344 96,44,88,60,46,10
09 ..FBBE.FG.EAAG.....HCCDDH 516 58,30,88,86,82,72,56,22,18,4
05 DBBF.D.EF.AAE........CCC. 242 73,29,34,36,46,24
10 G.BBIGCCCIAA.HJDD.HJ.EEFF 220 4,8,22,25,31,34,37,33,19,6,1
07 ..EBBD.EF.DAAF..CCG....G. 92 20,16,21,14,11,5,3,2
05 DBB.FD.E.FAAE.........CCC 380 132,46,82,60,48,12
06 DBBFGD.EFGAAE........CCC. 674 120,44,106,102,120,114,68
08 .BB..CCDD.FAAH.F.GH...GEE 312 87,55,37,30,31,31,23,16,2
10 G..BBGCCDDAAH....H.IEEFFI 82 15,6,12,10,8,12,6,3,5,4,1
08 BB...GCCDDGAA.IEEH.I..HFF 100 28,17,20,9,9,3,6,6,2
05 EBB..E.FG.AAFG...CC..DD.. 936 262,184,174,167,130,19
08 BB.G.E..G.EAAH.CCFH...FDD 164 34,22,27,26,22,17,8,7,1
08 ..EBBD.EFHDAAFH.CCG....G. 312 40,32,74,67,46,28,13,8,4
08 ..GBBF.GH.FAAH..CC..DDEE. 460 118,69,60,45,49,52,35,26,6
06 .DBB..D.F..AAF...E....ECC 160 60,28,22,22,22,4,2
07 .DBB..DEG.AAEG...F....FCC 60 25,7,6,6,8,2,4,2
07 EBBG.E..G.AAF....FCC.DDD. 524 154,78,71,66,80,56,17,2
05 D.BB.D.FG.AAFG.E.CC.E.... 116 37,24,20,24,10,1
07 .EBB.DE.G.DAAG...F....FCC 420 191,77,44,44,36,16,8,4
11 .EFBB.EF..AAG..D.GH.DCCH. 140 72,17,10,6,8,2,4,8,2,4,6,1
16 EBBHIE.FHIAAF....GCCDDG.. 116 28,11,19,13,9,5,1,2,5,1,2,5,4,3,4,3,1
07 ..FBBE.FG.EAAG.CCDD...... 92 24,18,13,12,10,8,4,3
08 ..GBBF.GH.FAAH.CCDD..EE.. 312 87,55,37,30,31,31,23,16,2
05 .DBB..DEF.AAEF.......CCC. 72 25,7,6,14,12,8
05 .EBB..E.F.AA.F.D....DCCC. 128 28,36,16,32,8,8
07 .EBB..EFG.AAFG.D....DCCC. 162 69,17,10,22,16,12,8,8
06 .DBB..D.F..AAF...ECC..E.. 98 30,20,21,15,8,3,1
14 FBBH.F.GH.AAG..CCDD.EEE.. 200 60,30,18,4,6,2,2,6,9,11,14,17,14,6,1
05 DBBF.D.EF.AAE...CCC...... 115 34,23,19,14,17,8
07 .EBB.DE.G.DAAG...FCC..F.. 204 72,42,36,26,14,8,4,2
04 .EBB..E.F.AA.F...CC...DD. 160 24,40,32,48,16
06 EBB..E.FGHAAFGH..CC..DD.. 2355 391,260,550,461,415,246,32
06 EBBG.E.FG.AAF...CCC...DD. 388 110,72,56,44,54,40,12
09 BB.G.E..GIEAAHICCFH...FDD 548 68,44,98,98,89,68,43,23,15,2
07 .EBB..E.G..AAG...FCC..FDD 240 54,30,32,44,47,25,7,1
14 FBBH.F.GH.AAG..CCC..DDEE. 221 60,36,24,4,6,2,2,6,10,15,15,16,14,8,3
06 EBBG.E.FG.AAF...CCC..DDD. 273 76,49,37,30,37,32,12
08 .FBB.EF.H.EAAH...GCC..GDD 458 124,62,53,79,72,39,19,8,2
06 ..GBB..G.H.AA.HF..CCFDDEE 804 224,110,183,124,123,38,2
10 ..GBBF.GH.FAAH..CC.IDDEEI 1012 139,79,180,137,109,110,109,73,53,17,6
04 .EBB..E.F.AA.F...CC..DDD. 104 12,20,16,40,16
06 .EBB..EFG.AAFG...CC..DDD. 130 24,10,11,29,29,21,6
06 .FBB..F.G.AA.G.E.CC.EDDD. 234 28,42,28,72,40,16,8
05 ..BB..CCG.AAFG.E.F..EDD.. 936 262,184,174,167,130,19
07 .DBB..D.FG.AAFG..E....ECC 420 99,41,84,68,68,46,10,4
08 ..FBBCCFG.EAAG.E..H.DD.H. 164 34,22,27,26,22,17,8,7,1
08 ..EBB..E..AAF...DF.G.DCCG 164 64,14,28,14,18,4,12,8,2
09 .DBBH.DEGHAAEG...F....FCC 140 38,9,20,18,19,18,4,8,4,2
08 .FBB..FGH.AAGH.E.CC.EDDD. 234 52,20,17,45,41,29,14,10,6
07 EBB.GE...GAAF....FCC..DDD 914 287,130,210,135,102,38,10,2
04 .BB...CC..AAG..F.G..FDDEE 442 242,140,24,32,4
09 ..GBBCCGH.FAAH.F....DDEE. 264 44,24,29,43,44,37,22,9,8,4
08 EBBGHE..GHAAF....FCC.DDD. 1290 223,110,233,181,183,176,138,38,8
04 ..BB...CC.AA.F.E..F.EDDD. 506 66,152,128,144,16
06 EBBG.ECCG.AAF....F...DDD. 328 103,27,28,38,57,55,20
06 D.BB.D.FGHAAFGHE.CC.E.... 264 55,30,60,48,48,21,2
08 .EBB.DE.GHDAAGH..F....FCC 1032 310,110,208,126,122,82,42,24,8
11 .EFBB.EF..AAG..D.G.HDCC.H 416 194,34,64,14,18,4,12,36,14,8,12,6
13 .EFBB.EF..AAG..D.GHIDCCHI 296 105,21,44,26,19,18,4,8,16,6,8,12,8,1
14 EBB.HE.F.HAAF....GCCDDG.. 104 35,11,13,6,5,1,3,8,1,2,5,3,3,6,2
05 E..BBE.F.GAAF.G.CCDD..... 164 46,30,41,25,16,6
09 ..FBBE.FG.EAAGHCCDDH..... 164 28,20,34,23,20,14,12,6,5,2
05 .DBB..DEF.AAEF..CCC...... 32 9,5,5,7,4,2
05 .EBB..E.F.AA.F.DCCC.D.... 64 11,17,12,12,8,4
07 .EBB..EFG.AAFG.DCCC.D.... 56 16,8,7,9,8,4,2,2
05 .E.BB.EF.GAAF.G......CCDD 206 80,22,44,34,22,4
04 .EBB..E.F.AA.F..CCC...DD. 96 12,20,16,32,16
06 .EBB..EFG.AAFG..CCC...DD. 96 18,10,10,22,20,12,4
06 ..GBB..G.HFAA.HFCCDD...EE 548 160,86,117,80,75,26,4
09 .FBBH.FG.HAAG..E....ECCDD 516 230,54,104,66,38,12,2,4,4,2
10 ..GBBF.GH.FAAHICCDDI.EE.. 548 99,61,103,65,55,50,45,34,23,9,4
06 .FBB..F.G.AA.G.ECCC.E.DD. 192 22,34,24,48,36,20,8
05 .DBBF.DE.FAAE.........CCC 242 105,23,44,30,30,10
06 .DBBG.DEFGAAEF.......CCC. 186 41,9,20,22,38,32,24
08 .FBB..FGH.AAGH.ECCC.E.DD. 164 32,16,14,30,30,22,10,6,4
07 ..HBB..H.IGAA.IGCCDD.EEFF 344 100,46,61,43,55,27,10,2
06 .EBB..E.FGAA.FGD....DCCC. 378 47,59,96,64,72,24,16
04 .EBB..E.F.AA.F..CCC..DDD. 64 6,10,8,24,16
08 DBB.GD.F.GAAF...E....ECCC 674 346,64,116,62,46,24,4,8,4
06 .EBB..EFG.AAFG..CCC..DDD. 64 9,5,5,15,16,10,4
09 .EBBH.EFGHAAFG.D....D.CCC 388 111,21,44,34,56,42,36,20,20,4
06 .FBB..F.G.AA.G.ECCC.EDDD. 128 11,17,12,36,28,16,8
16 FBBHIF.GHIAAG..CCDD.EEE.. 350 68,34,56,25,8,6,2,2,6,9,11,20,28,31,27,14,3
08 .FBB..FGH.AAGH.ECCC.EDDD. 108 16,8,7,21,22,18,8,4,4
07 .DBB..D.FG.AAFG..ECC..E.. 258 48,28,67,60,36,14,4,1
05 DBB.FD.E.FAAE....CCC..... 220 66,40,61,29,20,4
06 DBBFGD.EFGAAE...CCC...... 294 54,34,65,46,40,37,18
08 .EBB.DE.GHDAAGH..FCC..F.. 500 112,56,128,97,58,26,12,9,2
18 BBH..G.HCCGAAI.DD.I.EEFF. 154 12,7,9,24,23,22,20,10,6,5,1,1,3,1,1,2,3,3,1
05 .EBB..E.FGAA.FG..CC...DD. 468 40,64,128,112,100,24
06 EBB.GE.F.GAAF....CCC...DD 748 218,124,191,110,76,25,4
07 EBBGHE.FGHAAF...CCC...DD. 937 161,100,193,131,118,114,90,30
08 .EBB..E.GH.AAGH..FCC..FDD 612 86,40,98,103,124,105,45,10,1
07 .BB....GCCAAGH.FDDH.FEEE. 183 47,18,13,31,23,29,18,4
07 FBB.HF.G.HAAG....CCC.DDEE 412 112,54,85,46,57,35,19,4
16 FBBHIF.GHIAAG..CCC..DDEE. 470 71,42,85,43,10,9,3,3,9,16,25,29,35,37,30,17,6
06 .EBB..ECC.AAFG...FG..DDD. 88 49,9,4,9,8,7,2
06 EBB.GE.F.GAAF....CCC..DDD 528 152,84,130,81,56,21,4
07 EBBGHE.FGHAAF...CCC..DDD. 643 107,66,128,85,78,77,72,30
08 .FBB..FCC.AAGH.E.GH.EDDD. 189 118,19,6,13,10,9,6,6,2
09 .FBB.EF.HIEAAHI..GCC..GDD 1095 192,79,185,164,198,151,73,35,16,2
10 .GBBI.GH.IAAH..F..CCFDDEE 1012 428,108,173,128,109,41,8,5,6,4,2
05 .EBB..E.FGAA.FG..CC..DDD. 300 20,32,64,72,88,24
07 .EBBG.E..GAAF....FCC..DDD 524 206,58,102,70,55,26,6,1
08 .EBBH.E.GHAAFG...FCC.DDD. 328 38,12,31,41,74,66,51,13,2
14 BBF....FCCAAG..E.G.HEDD.H 104 35,11,13,6,5,1,3,8,1,2,5,3,3,6,2
08 .BB....HCCAAH.IGDDDIGEEFF 132 26,18,20,24,24,10,6,2,2
07 .FBB..F.GHAA.GHE.CC.EDDD. 659 46,67,126,128,168,78,34,12
10 .BB.ICCDDIFAAH.F.GH...GEE 548 99,61,103,65,55,50,45,34,23,9,4
09 EBB.HE.G.HAAG...F.CC.FDDD 1290 588,143,242,149,86,48,16,8,6,4
10 .FBBI.F.HIAAGH.E.GCCEDDD. 553 80,23,57,61,108,89,68,30,21,12,4
09 DFBBIDF.HIEAAH.E.GCC..G.. 154 34,12,31,25,22,12,8,5,3,2
06 ..BB..CCGHAAFGHE.F..EDD.. 2355 391,260,550,461,415,246,32
09 ..FBBCCFGIEAAGIE..H.DD.H. 548 68,44,98,98,89,68,43,23,15,2
14 .EBBH.EF.HAAF....GCCDDG.. 82 32,7,9,5,4,1,3,4,2,2,4,2,3,3,1
15 EFBBIEFG.IAAG....HCCDDH.. 208 97,17,19,5,4,1,3,10,12,8,8,7,2,3,7,5
05 .E.BB.EF.GAAF.G.CCDD..... 92 32,14,21,15,9,1
09 .FBBH.FG.HAAG..ECCDDE.... 164 64,23,33,21,12,7,1,1,1,1
10 .GBBI.GH.IAAH..FCCDDF..EE 548 221,63,92,70,56,28,8,3,3,3,1
06 .GHBB.GH.IAA..I.CCDD.EEFF 204 70,20,29,27,35,18,5
06 .BB....GCCAAG.HF...HFDDEE 572 160,66,125,99,81,37,4
11 ..GBBCCGH.FAAH.F...IDDEEI 578 54,26,79,85,104,92,68,33,14,11,8,4
11 .HBBJ.HI.JAAI..GCCDDGEEFF 344 136,31,43,39,47,27,11,6,1,1,1,1
06 ..BB..CCC.AAFG.E.FG.EDD.. 388 110,72,56,44,54,40,12
06 F.BB.FCCC.AA.G....G.DDEE. 166 8,18,20,40,38,30,12
08 F.BB.FCCC.AAGH...GH.DDEE. 68 10,4,4,8,10,10,6,8,8
10 .GBBI.GH.IAAH..FCCDDF.EEE 350 150,30,47,34,33,29,17,5,2,2,1
04 ..BB..CCC.AA.F.E..F.EDDD. 290 36,82,60,96,16
05 .DBBF.DE.FAAE....CCC..... 115 41,17,28,13,12,4
06 .DBBG.DEFGAAEF..CCC...... 81 14,6,15,15,16,10,5
06 .EBB..E.FGAA.FGDCCC.D.... 181 18,27,52,36,26,16,6
08 DBB.GD.F.GAAF...ECCC.E... 294 122,42,67,26,22,10,1,2,2
05 ..BB...CCGAA.FGE..F.EDDD. 1480 103,236,475,378,264,24
09 .EBBH.EFGHAAFG.D.CCCD.... 132 24,9,23,20,21,17,9,4,4,1
05 .EBB..E.FGAA.FG.CCC...DD. 272 20,32,64,64,68,24
06 EBB.GECC.GAAF....F....DDD 606 241,54,82,83,78,56,12
06 .EBBG.EF.GAAF....CCC...DD 388 138,52,86,52,39,18,3
07 .EBBH.EFGHAAFG..CCC...DD. 238 28,12,30,34,52,43,29,10
07 EBBGHECCGHAAF....F...DDD. 773 153,36,81,85,116,147,107,48
08 BB...FCCC.FAAH.DDGH...GEE 152 42,34,26,12,18,6,6,6,2
07 .FBB..F.GHAA.GHECCC.E.DD. 522 36,54,104,96,114,70,36,12
07 G.BB.GCCC.AA.H.DD.H.EEFF. 318 24,54,40,60,38,48,42,12
09 EBB.HE.G.HAAG...FCCC.F.DD 937 387,121,194,110,70,36,10,3,4,2
10 .FBBI.FGHIAAGH.E.CCCE.DD. 378 48,18,46,46,70,61,46,21,11,9,2
07 .FBBH.FG.HAAG....CCC.DDEE 221 75,22,36,26,32,18,10,2
10 .GBBI.GH.IAAH..F.CCCFDDEE 470 187,44,70,50,58,32,17,6,3,2,1
05 .EBB..E.FGAA.FG.CCC..DDD. 178 10,16,32,40,56,24
06 .EBBG.EF.GAAF....CCC..DDD 273 97,35,58,39,27,14,3
07 .EBBH.EFGHAAFG..CCC..DDD. 157 14,6,15,19,36,33,24,10
07 .FBB..F.GHAA.GHECCC.EDDD. 341 18,27,52,60,88,54,30,12
09 EBB.HE.G.HAAG...FCCC.FDDD 643 265,79,127,84,48,26,9,1,2,2
10 .FBBI.FGHIAAGH.E.CCCEDDD. 246 24,9,23,26,49,44,37,17,7,7,3
06 ...BB..CCCAAF.G.EF.G.EDD. 388 138,52,86,52,39,18,3
05 .D.BB.D.EFAA.EF....G..CCG 130 14,18,44,30,20,4
07 ..EBB.DE.F.DAAF....G.CC.G 214 62,18,40,26,26,18,16,8
08 BB....FCCC.FAAHDDG.H..GEE 68 24,10,12,6,6,2,4,2,2
11 .EBBG.EF.GAAF..D...HDCC.H 572 202,46,96,42,26,18,24,56,26,12,16,8
12 .EBBH.EF.HAAF.ID..GIDCCG. 450 119,33,76,39,31,31,24,22,25,8,14,18,10
05 .D.BB.D.EFAA.EF....G.CCCG 75 7,9,22,17,16,4
07 .E.BB.E.FGAA.FGD...HDCCCH 193 19,23,54,37,34,16,8,2
05 .D.BB.D.EFAA.EF..CCG....G 92 8,12,32,26,12,2
07 ..EBB.DE.F.DAAF.CC.G....G 116 31,13,29,14,12,7,7,3
12 .EBBG.EF.GAAF.HDCC.HD.... 264 86,27,57,17,12,7,9,24,10,3,4,4,4
13 .EBBH.EFGHAAFGIDCC.ID.... 214 40,14,36,28,22,16,13,13,13,4,4,4,4,3
06 .E.BB.E.FGAA.FG..CCH..DDH 234 16,24,64,60,50,18,2
08 ..FBB.EF.G.EAAG.CC.H.DD.H 264 77,21,45,25,27,26,21,16,6
08 .EFBB.EFGH.AAGH.CC.I.DD.I 247 32,10,26,23,33,47,44,25,7
08 .FBBI.FCCIAA.H.E.GH.E.GDD 1095 471,171,232,71,53,40,22,20,15
14 .FBBH.FG.HAAG.IECC.IE..DD 578 202,44,91,38,27,26,23,38,48,16,6,6,6,6,1
15 .FBBI.FGHIAAGHJECC.JE..DD 406 68,17,42,30,35,47,46,34,28,22,7,7,7,7,6,3
06 .E.BB.E.FGAA.FG..CCH.DDDH 142 8,12,32,34,38,16,2
10 .GBBI.GCCIAAH..F.H..FDDEE 578 267,57,98,85,47,14,1,2,3,2,2
08 .F.BB.F.GHAA.GHE.CCIEDDDI 302 18,25,64,63,70,39,16,6,1
08 .BB....HCCAAH.IGDD.IGEEFF 450 103,53,85,91,78,24,8,4,4
04 ...BB...CCAA..F.E..F.EDDD 506 104,144,200,55,3
20 BBH..G.HCCGAAI.DD.IJEEFFJ 299 12,7,23,32,55,47,42,29,14,10,7,3,1,3,1,1,2,3,3,3,1
06 .EBBG.ECCGAAF....F....DDD 328 162,24,36,29,37,34,6
07 .EBBH.ECCHAAFG...FG..DDD. 151 66,10,15,11,16,15,12,6
05 .D.BB.D.EFAA.EF.CCCG....G 50 4,6,16,14,8,2
07 .E.BB.E.FGAA.FGDCCCHD...H 92 7,10,26,22,14,8,4,1
06 .E.BB.E.FGAA.FG.CCCH..DDH 130 8,12,32,32,30,14,2
08 .F.BB.F.GHAA.GHECCCIE.DDI 236 14,20,52,50,48,30,15,6,1
09 EBB.HECC.HAAG...FG...FDDD 773 457,57,75,53,51,49,11,6,6,8
06 .E.BB.E.FGAA.FG.CCCH.DDDH 80 4,6,16,18,22,12,2
10 .FBBI.FCCIAAGH.E.GH.E.DDD 297 152,20,27,15,21,18,16,13,8,5,2
08 .F.BB.F.GHAA.GHECCCIEDDDI 144 7,10,26,28,34,22,11,5,1
08 ..FBBCCF.G.EAAG.E..HDD..H 264 77,21,45,25,27,26,21,16,6
14 E..BBECC.HAAG.H.FG.I.FDDI 578 202,44,91,38,27,26,23,38,48,16,6,6,6,6,1
08 .BB....GCCAAGHIFDDHIFEEE. 343 47,18,31,34,51,52,58,48,4
15 .F.BB.FCCIAAG.IE.GHJEDDHJ 299 115,37,79,29,11,7,3,1,3,1,1,2,3,3,3,1
14 BBF....FCCAAG...EG.H.EDDH 82 32,7,9,5,4,1,3,4,2,2,4,2,3,3,1
07 .BB....GCCAAG.H.FDDH.FEEE 244 90,34,42,35,20,16,5,2
06 FBBCCFDDDHAA..H.GEEE.G... 82 10,17,17,17,17,3,1
05 .BBCC..F.GAAF.GE....E..DD 344 96,44,88,60,46,10
06 F..BBFCCDD.AA.H..G.H..GEE 548 160,86,117,80,75,26,4
09 BBCCHE..GHEAAG...F....FDD 516 58,30,88,86,82,72,56,22,18,4
09 EBBCCE.G..AAG..F...HFDD.H 47 7,2,4,4,4,4,6,4,8,4
05 ...BB.CCDDAA..HG...HGEEFF 294 31,68,91,62,39,3
09 FBBCCF.G..AAG......HDDEEH 64 16,4,8,8,8,4,2,4,8,2
06 BBCC....FGAA.FGE....EDDD. 266 9,19,50,56,74,34,24
08 BB...GCCDDGAAI.EEHI...HFF 76 21,17,13,6,9,3,3,3,1
04 BBCCF..D.FAAD....E....E.. 27 5,3,8,6,5
05 BBCCG..DFGAADF...E....E.. 65 5,3,12,18,17,10
07 BBCC....GHAA.GHF.DD.FEEE. 536 14,30,80,102,154,89,49,18
09 EBBCCE.G..AAG.HFDD.HF.... 26 5,2,2,2,2,2,3,2,2,4
10 FBBCCF.H..AAH.IGDD.IGEE.. 48 13,2,2,2,2,2,3,2,6,6,8
15 BBG....GCCAAH..EFH.IEFDDI 208 97,17,19,5,4,1,3,10,12,8,8,7,2,3,7,5
07 BBCC....FG.AAFG..E....EDD 370 22,18,64,86,88,70,14,8
08 BBCCG..E.GAAE....F....FDD 50 7,3,8,8,11,2,6,4,1
09 BBCCH..EGHAAEG...F....FDD 107 6,3,12,19,23,22,4,8,8,2
04 .BBCC....FAA..F......DDEE 78 6,18,30,18,6
06 .BBCC..F.GAAF.G......DDEE 104 14,6,16,28,28,8,4
05 BBCCF..E.FAAE.........DDD 92 14,6,16,22,24,10
06 BBCCG..EFGAAEF.......DDD. 176 7,3,12,24,46,44,40
05 .BBCC....FAAE.F..EDD..... 146 26,24,51,30,14,1
07 BBCC....FG.AAFG..EDD..E.. 254 18,18,63,77,49,21,6,2
06 .G.BB.GCCCAA..HF...HFDDEE 400 82,90,122,67,33,5,1
04 .BBCC....FAA..F...DD...EE 424 43,129,192,57,3
04 ...BB..CCCAA..F.E..F.EDDD 290 60,80,108,39,3
05 BBCC....FGAA.FG..DD...EE. 538 16,48,136,156,146,36
06 ...BB..CCCAAF.GE.F.GEDD.. 748 218,124,191,110,76,25,4
08 BBCC....GH.AAGH..FDD..FEE 651 32,24,86,123,153,144,69,18,2
07 ..BB..CCCHAAFGHE.FG.EDD.. 937 161,100,193,131,118,114,90,30
04 .BBCC....FAA..F...DD..EEE 309 30,90,135,51,3
07 F.BB.FCCCHAA.GH...G.DDEE. 400 10,22,60,68,94,76,52,18
05 BBCC....FGAA.FG..DD..EEE. 362 8,24,68,98,128,36
10 F.BB.F.CCCAAGH...GHIDDEEI 135 10,4,12,12,18,18,17,12,15,15,2
07 BBCCG....GAAF....FDD..EEE 243 30,18,44,56,55,32,7,1
08 BBCCH...GHAAFG...FDD.EEE. 358 11,6,23,44,86,85,80,21,2
05 ..BB..CCCGAA.FGE..F.EDDD. 786 53,120,227,194,168,24
04 .BBCC....FAA..F.DDEE..... 60 6,18,24,9,3
06 .BBCC..F.GAAF.G.DDEE..... 58 9,6,12,14,13,3,1
07 BBCC.DD.GHAA.GHFEEE.F.... 254 14,31,68,42,25,33,32,9
07 .BBCC..H.IAAH.I.DDEE.FFGG 128 17,6,12,24,36,22,10,1
05 BBCCF..E.FAAE....DDD..... 53 8,6,14,11,11,3
06 BBCCG..EFGAAEF..DDD...... 77 4,3,11,16,20,15,8
04 .BBCC....FAA..F..DDD...EE 300 30,90,132,45,3
05 BBCC....FGAA.FG.DDD...EE. 322 8,24,68,88,98,36
08 BBCC.DD.HIAA.HIGEEE.G.FF. 737 28,62,136,110,124,91,98,70,18
06 BBCCG..F.GAAF....DDD...EE 192 24,18,42,45,40,20,3
07 BBCCH..FGHAAFG..DDD...EE. 247 8,6,22,36,60,55,44,16
07 BBCCH..G.HAAG....DDD.EEFF 119 8,6,14,23,30,21,14,3
04 .BBCC....FAA..F..DDD..EEE 219 21,63,93,39,3
05 BBCC....FGAA.FG.DDD..EEE. 220 4,12,34,54,80,36
06 BBCCG..F.GAAF....DDD..EEE 139 16,12,28,34,29,17,3
07 BBCCH..FGHAAFG..DDD..EEE. 170 4,3,11,20,40,40,36,16
08 BBCC.DD.HIAA.HIGEEE.GFFF. 483 14,31,68,68,99,58,66,61,18
07 .BBCCGDDEEGAA.I..H.I..HFF 344 100,46,61,43,55,27,10,2
06 .BBCC.DDEEAA..IH...IHFFGG 188 17,36,47,44,35,8,1
09 BB...FCCCIFAAHIDDGH...GEE 344 57,46,86,55,36,29,11,11,10,3
08 G.BB.GCCCIAA.HIDD.H.EEFF. 737 28,62,136,110,124,91,98,70,18
06 BBCC....F..AAF...E....EDD 132 17,15,28,28,34,6,4
07 BBCC...EG.AAEG...F....FDD 42 6,3,6,7,10,2,4,4
05 BBCC...EF.AAEF.......DDD. 64 7,3,6,16,16,16
06 BBCC....F..AAF...EDD..E.. 95 14,15,27,20,12,5,2
07 .BBCC..DDDAAG.HF.G.HFEE.. 412 112,54,85,46,57,35,19,4
04 BBCC....F.AA.F...DD...EE. 192 12,36,48,72,24
07 BBCC....G..AAG...FDD..FEE 256 25,21,38,52,65,40,13,2
16 BBCCIDDDHIAAGH.F.G..FEE.. 470 71,42,85,43,10,9,3,3,9,16,25,29,35,37,30,17,6
10 FBBCCF.DDDAAH..G.H.IGEE.I 52 4,2,4,6,6,6,8,5,5,4,2
05 .BBCC...DDAA..G..F.G..FEE 518 94,72,142,116,91,3
05 .BBCC..DDDAA..HG...HGEEFF 304 28,60,93,76,44,3
04 BBCC....F.AA.F...DD..EEE. 132 6,18,24,60,24
10 GBBCCG.DDDAAH....H.IEEFFI 88 14,6,12,16,16,8,4,3,5,3,1
06 BBCC...FG.AAFG...DD..EEE. 143 11,6,11,32,35,36,12
05 BBCC...EF.AAEF..DDD...... 30 4,3,5,8,6,4
04 BBCC....F.AA.F..DDD...EE. 120 6,18,24,48,24
06 BBCC...FG.AAFG..DDD...EE. 100 8,6,10,24,24,20,8
04 BBCC....F.AA.F..DDD..EEE. 84 3,9,12,36,24
06 BBCC...FG.AAFG..DDD..EEE. 70 4,3,5,16,18,16,8
03 .BBB....C.AA.C....D....D. 12 1,3,4,4
04 .BBB...CD.AACD....E....E. 24 3,3,6,8,4
05 CBBB.C..D.AA.D....E....E. 30 3,7,8,8,2,2
06 CBBB.C.DE.AADE....F....F. 50 9,7,10,12,6,2,4
06 BBCCG.DD.GAAF....F....EEE 217 40,12,26,41,50,38,10
07 BBCCH.DDGHAAFG...F...EEE. 348 20,6,19,38,73,81,81,30
06 BBCC..DDG.AAFG...F...EEE. 143 20,6,10,28,31,36,12
03 .BBB....D.AA.D........CC. 88 10,30,32,16
03 BBB....D..AAD........CC.. 72 30,18,12,12
04 BBB....DE.AADE.......CC.. 132 25,15,26,34,32
06 BBBE....E..AAF...DF...DCC 42 5,3,6,10,12,5,1
05 .BBB...EF.AAEF......CCDD. 64 7,3,6,16,16,16
03 .BBB....D.AA.D.......CCC. 60 6,18,20,16
03 .BBB....D.AA.D...CC...... 76 10,30,28,8
03 BBB....D..AAD...CC....... 60 24,18,12,6
04 BBB....DE.AADE..CC....... 95 20,15,24,23,13
05 .BBB...DE.AADE..CCF....F. 30 4,3,6,9,6,2
08 BBCC..DDGH.AAGH..FEE..F.. 552 48,57,163,163,78,23,10,8,2
07 BBCC..DDG..AAG...FEE..F.. 224 40,48,68,38,14,7,7,2
04 BBB....E..AAE...CC...DD.. 192 84,36,24,36,12
05 BBB....EF.AAEF..CC...DD.. 256 49,21,34,57,63,32
06 .BBB...EF.AAEF..CCG..DDG. 56 7,3,6,11,15,11,3
06 .BBB...FG.AAFG..CC..DDEE. 143 20,6,10,28,31,36,12
06 .BBCC.DD.HAAG.H..GEE.FF.. 968 172,126,234,223,183,26,4
05 .BBB...EF.AAEF.CCDD...... 30 5,3,4,8,6,4
09 BBCC..DDHI.AAHI..GEE..GFF 1232 81,69,199,237,251,226,102,53,12,2
08 BBCC..DDH..AAH...GEE..GFF 528 68,60,86,93,115,59,34,11,2
06 .BBB...FG.AAFG.CCDD..EE.. 100 18,6,8,20,20,20,8
03 .BBB....D.AA.D..CCC...... 48 6,18,16,8
07 BBCC..DDH.AAGH...GEE.FFF. 256 28,12,18,51,54,61,28,4
10 FBBCCFDDH.AAGH...GEE..... 70 8,5,7,10,8,11,8,6,5,1,1
08 BBCCH.DD.HAAG....GEE..FFF 468 72,36,70,93,91,68,27,9,2
09 BBCCI.DDHIAAGH...GEE.FFF. 583 28,12,36,66,123,128,126,55,7,2
07 FBBCCFDD.HAAG.H..GEE..... 193 38,29,45,38,31,8,2,2
11 FBBCCFDDHIAAGHI..GEE..... 136 8,5,17,21,23,17,15,10,9,7,3,1
04 .BBB...CC.AA.F....F.DDEE. 132 6,18,24,60,24
06 .BBB...CC.AAFG...FG.DDEE. 143 11,6,11,32,35,36,12
07 .BBB...GCCAAGH..DDH.EEFF. 256 28,12,18,51,54,61,28,4
06 EBBB.ECCG.AAFG...FDD..... 81 16,12,10,19,12,10,2
08 EBBCCE..FGAA.FG....H..DDH 186 5,11,34,43,47,24,14,6,2
08 EBBCCE.F.GAAF.G....H.DD.H 47 18,4,8,4,4,2,1,2,4
09 EBBCCE.FGHAAFGH....I.DD.I 75 12,4,12,12,8,6,3,4,6,8
08 EBBCCE..FGAA.FG....H.DDDH 101 2,4,12,16,22,18,15,8,4
07 BBCC.E..G.EAAG...FDD..F.. 116 26,18,23,17,12,11,5,4
04 FBBCCF.G..AAG...DD...EE.. 442 242,140,24,32,4
09 BBCC.F..H.FAAH...GDDEEG.. 264 44,24,29,43,44,37,22,9,8,4
09 FBBCCF..GHAA.GH..DDI.EEEI 183 3,6,18,26,38,33,28,19,10,2
05 .BBCC..DDDAA..G..F.G..FEE 272 48,39,70,56,56,3
04 .BBB..CCC.AA.F....F.DDEE. 84 3,9,12,36,24
06 .BBB..CCC.AAFG...FG.DDEE. 70 4,3,5,16,18,16,8
05 BBCC....F.AA.F.EDDD.E.... 51 4,9,10,10,12,6
06 BBCC....G.AA.G.FDDD.F.EE. 166 8,18,20,40,38,30,12
06 BBCC....G.AA.G.FDDD.FEEE. 115 4,9,10,30,26,24,12
07 .BBCC..DDDAAG.H..G.HEEFF. 119 8,6,14,23,30,21,14,3
08 BBCC.FDDH.FAAH...G....GEE 460 118,69,60,45,49,52,35,26,6
09 .F.BB.FCCCAAG..E.G.HEDD.H 937 387,121,194,110,70,36,10,3,4,2
09 .F.BB.FCCCAAG....G.HDDEEH 68 24,6,12,7,5,4,3,3,3,1
07 FBBCCFDDDHAAG.H..GEE..... 70 10,12,14,14,14,4,1,1
06 .BBCCDDD.HAAG.H..GEE.FF.. 92 12,12,16,20,20,8,4
05 D.BBBD..EFAA.EF....G..CCG 390 20,46,132,116,72,4
13 BBB....E.FAAE.FD...GDCC.G 158 43,11,24,15,12,5,2,6,7,3,6,8,8,8
15 BBBF...EFGAAE.GD...HDCC.H 330 47,15,44,41,30,26,10,2,6,8,9,16,20,24,24,8
09 BB...FGCCCFGAAIDDH.I..HEE 109 44,17,19,6,6,2,4,6,3,2
08 EBBBGE..FGAA.FH....H.CCDD 101 2,4,12,16,22,18,15,8,4
05 D.BBBD..EFAA.EF....G.CCCG 226 10,22,64,66,56,8
05 D.BBBD..EFAA.EF..CCG....G 290 17,40,112,85,34,2
06 E.BBBE..FGAA.FG..CCH..DDH 742 37,84,236,211,150,23,1
06 E.BBBE..FGAA.FG..CCH.DDDH 452 20,44,124,126,112,25,1
09 .BBCCDD.GHAA.GHFEEEIF...I 86 2,4,11,11,11,15,15,11,5,1
07 FBBBHF..GHAA.GICCDDI...EE 72 3,6,15,11,13,13,10,1
10 .BBCCDD.HIAA.HIGEEEJG.FFJ 220 4,8,22,25,31,34,37,33,19,6,1
07 FBBBHF..GHAA.GICCDDI..EEE 50 2,4,10,8,9,9,7,1
05 D.BBBD..EFAA.EF.CCCG....G 126 7,16,44,35,22,2
10 .BBCCDD.HIAA.HIGEEEJGFFFJ 134 2,4,11,14,20,19,22,22,14,5,1
06 E.BBBE..FGAA.FG.CCCH..DDH 352 17,38,104,95,78,19,1
09 BBCCHE..GHEAAG...FDD..F.. 264 32,20,61,59,39,24,15,7,5,2
06 E.BBBE..FGAA.FG.CCCH.DDDH 226 10,22,60,60,56,17,1
06 FBBCCF...HAAG.H..GDD.EE.. 572 160,66,125,99,81,37,4
11 BBCCIF..HIFAAH...GDDEEG.. 578 54,26,79,85,104,92,68,33,14,11,8,4
04 .BBCC....DAA..D....E....E 16 1,3,6,3,3
05 .BBCC...DEAA.DE....F....F 36 1,3,10,11,7,4
05 .BBCC..D.EAAD.E....F....F 31 3,3,8,7,6,4
06 .BBCC..DEFAADEF....G....G 75 3,3,12,19,18,14,6
06 DBBCCD...EAA..E....F....F 41 3,7,14,7,7,2,1
07 DBBCCD..EFAA.EF....G....G 85 3,7,22,23,15,10,3,2
14 BBB..CCF.GAAF.GE...HEDD.H 298 70,26,54,24,12,6,4,12,18,9,9,14,16,16,8
07 DBBCCD.E.FAAE.F....G....G 66 9,7,16,11,10,6,5,2
08 DBBCCD.EFGAAEFG....H....H 142 9,7,24,31,26,20,13,8,4
09 FBBCCF.G..AAG.HDDEEH..... 24 7,2,2,2,2,2,1,2,2,2
16 BBBG.CCFGHAAF.HE...IEDD.I 531 69,32,88,69,32,20,9,3,9,16,15,21,30,38,42,30,8
05 GBBCCG...HAA..H.DDEE...FF 294 31,68,91,62,39,3
06 .BBCC...EFAA.EF....G..DDG 96 2,6,20,26,26,12,4
06 .BBCC..E.FAAE.F....G.DD.G 66 7,3,8,11,16,11,10
10 GBBCCG.H..AAH.IDDEEI.FF.. 70 25,4,4,4,4,4,2,4,8,7,4
07 .BBCC..EFGAAEFG....H.DD.H 146 5,3,12,21,30,37,24,14
06 HBBCCH...IAA..I.DDEE.FFGG 188 17,36,47,44,35,8,1
09 FBBBHF.CCHAA.GI...GI.DDEE 183 3,6,18,26,38,33,28,19,10,2
05 GBBCCG...HAA..H.DDEE..FFF 214 22,48,64,48,29,3
06 .BBCC...EFAA.EF....G.DDDG 60 1,3,10,15,19,8,4
06 FBBCCF...HAA..HGDDEEG.... 14 1,2,2,2,2,2,3
06 .BBCC...EFAA.EF..DDG....G 82 2,6,20,24,18,10,2
06 BBCC....FGAA.FGEDDD.E.... 130 5,11,30,27,25,23,9
06 .BBCC..E.FAAE.F.DD.G....G 49 5,3,8,9,10,8,6
07 .BBCC..EFGAAEFG.DD.H....H 105 4,3,12,20,23,22,15,6
06 .BBBG..CCGAA.FHE..FHE.DDD 452 20,44,124,126,112,25,1
07 .BBCC...FGAA.FG..DDH..EEH 224 4,12,40,56,62,34,14,2
07 .BBCC..F.GAAF.G.DD.H.EE.H 122 13,3,8,13,24,25,24,12
07 BBCC....GHAA.GHFDDD.F.EE. 400 10,22,60,68,94,76,52,18
08 .BBCC..FGHAAFGH.DD.I.EE.I 230 7,3,12,22,36,53,50,35,12
05 GBBCCG...HAA..H..DDD.EEFF 304 28,60,93,76,44,3
07 .BBCC...FGAA.FG..DDH.EEEH 142 2,6,20,32,44,24,12,2
07 BBCC....GHAA.GHFDDD.FEEE. 270 5,11,30,41,69,53,43,18
06 .BBCC...EFAA.EF.DDDG....G 46 1,3,10,13,11,6,2
07 .BBCC...FGAA.FG.DDDH..EEH 128 2,6,20,30,36,22,10,2
07 .BBCC...FGAA.FG.DDDH.EEEH 82 1,3,10,17,25,16,8,2
04 .BBB....CEAA.CE...D....D. 44 2,6,14,14,8
05 .BBB...CDFAACDF...E....E. 86 6,6,18,26,22,8
06 FBBCCF..DD.AA.H..G.H..GEE 804 224,110,183,124,123,38,2
06 CBBB.C..DFAA.DF...E....E. 108 6,14,30,28,19,7,4
10 BBCCIFDDHIFAAH...G....GEE 1012 139,79,180,137,109,110,109,73,53,17,6
07 CBBB.C.DEGAADEG...F....F. 172 18,14,34,40,33,15,10,8
10 FBBCCF.HDDAAH..G...IGEE.I 93 8,4,8,10,10,10,14,7,10,8,4
05 .BBCC...DDAA..HG...HGEEFF 456 42,90,145,112,64,3
10 GBBCCG.HDDAAH......IEEFFI 146 27,10,20,24,24,12,6,5,10,6,2
03 ..BBB....DAA..D........CC 140 17,51,66,6
04 .BBB....DEAA.DE.......CC. 292 17,51,112,80,32
04 BBB....D.EAAD.E......CC.. 180 41,21,44,46,28
05 BBB....DEFAADEF......CC.. 410 42,24,70,98,112,64
07 BBBE....EG.AAFG..DF...DCC 148 10,6,18,30,40,31,11,2
05 ..BBB..E.FAAE.F.....CCDD. 92 14,6,16,22,24,10
06 .BBB...EFGAAEFG.....CCDD. 176 7,3,12,24,46,44,40
03 ..BBB....DAA..D.......CCC 102 12,36,48,6
16 BBB.ICCDDIAAG..F.GH.FEEH. 350 68,34,56,25,8,6,2,2,6,9,11,20,28,31,27,14,3
04 .BBB....DEAA.DE......CCC. 196 10,30,68,56,32
11 HBBCCH.IDDAAI...EE.JFFGGJ 87 8,4,8,10,10,10,6,5,10,8,6,2
03 ..BBB....DAA..D...CC..... 131 17,51,60,3
04 .BBB....DEAA.DE..CC...... 245 17,51,103,62,12
04 BBB....D.EAAD.E.CC....... 133 31,21,38,29,14
05 BBB....DEFAADEF.CC....... 278 33,24,65,77,57,22
06 .BBB...DEGAADEG.CCF....F. 107 8,6,18,28,28,15,4
05 BBB....E.FAAE.F.CC...DD.. 386 95,33,64,82,80,32
06 BBB....EFGAAEFG.CC...DD.. 707 76,30,84,129,181,151,56
07 .BBB...EFHAAEFH.CCG..DDG. 197 14,6,18,32,48,47,26,6
06 .BBCC.DDEE.AA.H..G.H..GFF 280 54,42,69,55,51,7,2
11 HBBCCHDDEEAAI....I.JFFGGJ 44 5,2,4,6,8,6,4,4,1,1,2,1
06 ..BBB..F.GAAF.G.CC..DDEE. 217 40,12,26,41,50,38,10
06 .BBB..CCC.AAFG.E.FG.EDD.. 273 76,49,37,30,37,32,12
09 BBCC.HDDEEHAA.JFFI.J..IGG 50 16,9,10,3,3,1,2,2,2,2
07 .BBB...FGHAAFGH.CC..DDEE. 348 20,6,19,38,73,81,81,30
07 .BBCC.DDEEAAH.I..H.I.FFGG 128 17,6,12,24,36,22,10,1
06 FBBB.FCCC.AA.G....G.DDEE. 115 4,9,10,30,26,24,12
08 FBBB.FCCC.AAGH...GH.DDEE. 45 5,2,2,6,6,8,4,4,8
04 .BBB..CCC.AA.F.E..F.EDDD. 204 24,54,38,72,16
05 ..BBB..E.FAAE.FCCDD...... 51 10,6,10,11,10,4
06 .BBB...EFGAAEFGCCDD...... 57 5,3,7,10,14,10,8
08 BBB..FCCC.FAAH.DDGH...GEE 106 30,24,18,8,12,4,4,4,2
06 ..BBB..F.GAAF.GCCDD..EE.. 167 36,12,20,30,34,27,8
07 .BBB...FGHAAFGHCCDD..EE.. 190 18,6,14,24,39,39,34,16
07 GBBB.GCCC.AA.H.DD.H.EEFF. 213 12,27,20,50,26,30,36,12
03 ..BBB....DAA..D..CCC..... 93 12,36,42,3
04 .BBB....DEAA.DE.CCC...... 149 10,30,59,38,12
08 GBBCCGDDDIAAH.I..HEE.FF.. 132 26,18,20,24,24,10,6,2,2
07 .DBBB.D.EFAA.EF....G..CCG 54 8,8,16,4,2,4,8,4
07 .DBBB.DE.FAAE.F....G.CC.G 55 32,4,8,2,1,2,2,4
08 .DBBB.DEFGAAEFG....H.CC.H 57 20,4,8,2,1,2,6,6,8
07 .DBBB.D.EFAA.EF....G.CCCG 29 4,4,8,2,1,2,4,4
09 .EBBB.E.FGAA.FGD...HDCCCH 73 10,10,20,6,3,4,8,8,2,2
07 .DBBB.D.EFAA.EF..CCG....G 34 4,4,8,2,2,4,8,2
07 .DBBB.DE.FAAE.F.CC.G....G 28 14,2,4,1,1,2,2,2
08 .DBBB.DEFGAAEFG.CC.H....H 32 8,2,4,1,1,2,6,5,3
08 .EBBB.E.FGAA.FG..CCH..DDH 78 8,8,16,4,4,8,16,12,2
08 .EBBB.EF.GAAF.G.CC.H.DD.H 56 34,2,4,1,1,2,2,6,4
09 .EBBB.EFGHAAFGH.CC.I.DD.I 55 14,2,4,1,1,2,6,7,12,6
03 ..BBB....CAA..C....D....D 23 2,6,12,3
04 ..BBB...CDAA.CD....E....E 61 3,9,26,19,4
04 ..BBB..C.DAAC.D....E....E 41 6,6,16,11,2
05 ..BBB..CDEAACDE....F....F 115 9,9,32,39,22,4
05 .CBBB.C..DAA..D....E....E 44 6,10,20,5,1,2
06 .CBBB.C.DEAA.DE....F....F 94 9,15,38,21,5,2,4
06 .CBBB.CD.EAAD.E....F....F 72 18,10,24,13,3,2,2
07 .CBBB.CDEFAADEF....G....G 166 27,15,44,41,23,6,6,4
08 .EBBB.E.FGAA.FG..CCH.DDDH 44 4,4,8,2,2,4,8,10,2
10 .FBBB.F.GHAA.GHE.CCIEDDDI 91 8,8,16,5,5,7,14,18,6,3,1
07 .DBBB.D.EFAA.EF.CCCG....G 18 2,2,4,1,1,2,4,2
09 .EBBB.E.FGAA.FGDCCCHD...H 31 3,3,6,2,2,3,6,3,2,1
08 .EBBB.E.FGAA.FG.CCCH..DDH 42 4,4,8,2,2,4,8,8,2
06 BBB.E....E.AA.F..D.F..DCC 87 14,6,16,19,22,6,4
10 .FBBB.F.GHAA.GHECCCIE.DDI 72 6,6,12,4,4,6,12,12,6,3,1
07 BBB.F...EF.AAEG..D.G..DCC 226 17,9,32,47,56,47,14,4
08 .EBBB.E.FGAA.FG.CCCH.DDDH 24 2,2,4,1,1,2,4,6,2
10 .FBBB.F.GHAA.GHECCCIEDDDI 41 3,3,6,2,2,3,6,9,4,2,1
06 .BBBF...EFAA.EG....G.CCDD 60 1,3,10,15,19,8,4
05 ..BBB..D.EAAD.E.CC.F....F 59 10,6,16,15,10,2
06 ..BBB..DEFAADEF.CC.G....G 153 13,9,32,43,36,17,3
05 .BBBF...EFAA.EG..CCG...DD 421 17,51,148,127,76,2
06 ..BBB..E.FAAE.F.CC.G.DD.G 145 26,6,16,23,38,28,8
07 BBCC.E..G.EAAG...F....FDD 206 46,26,32,30,30,24,10,8
07 ..BBB..EFGAAEFG.CC.H.DD.H 339 27,9,32,51,76,86,48,10
05 BBCC....F.AA.F.E....EDDD. 94 7,15,16,32,12,12
08 EBBCCE..FGAA.FG..DDH....H 135 4,9,28,33,27,18,10,5,1
08 EBBCCE.F.GAAF.G.DD.H....H 26 9,2,4,2,2,2,1,2,2
09 EBBCCE.FGHAAFGH.DD.I....I 43 6,2,6,6,4,4,3,4,5,3
05 .BBBF...EFAA.EG..CCG..DDD 275 10,30,88,83,62,2
09 FBBCCF..GHAA.GH..DDI..EEI 318 7,15,46,63,77,52,32,18,7,1
09 FBBCCF.G.HAAG.H.DD.I.EE.I 48 23,2,4,2,2,2,1,2,6,4
10 FBBCCF.GHIAAGHI.DD.J.EE.J 64 10,2,6,6,4,4,3,4,7,12,6
05 GBBCCG...HAA..H...DD.EEFF 456 42,90,145,112,64,3
10 GBBCCG.H..AAH...DD.IEEFFI 110 37,6,8,8,8,6,3,6,16,10,2
05 .BBBF...EFAA.EG.CCCG...DD 250 10,30,86,74,48,2
06 BBCC....G.AA.G.F.DD.FEEE. 209 11,24,26,68,44,24,12
04 ..BBB...CCAA..F....F.DDEE 309 30,90,135,51,3
05 .BBBF...EFAA.EG.CCCG..DDD 165 6,18,52,49,38,2
05 .BBB...CCGAA.FG...F.DDEE. 362 8,24,68,98,128,36
08 EBBCCE..FGAA.FG.DDDH....H 50 1,2,6,7,8,10,8,6,2
07 ..BBB..FCCAAF......GDDEEG 243 30,18,44,56,55,32,7,1
09 FBBCCF..GHAA.GH.DDDI..EEI 132 2,4,12,16,22,24,23,18,9,2
08 .BBB...FCCAAFG....GHDDEEH 358 11,6,23,44,86,85,80,21,2
09 FBBCCF..GHAA.GH.DDDI.EEEI 82 1,2,6,9,14,14,15,12,7,2
06 ..BBB..CCCAAF.G.EF.G.EDD. 273 97,35,58,39,27,14,3
08 BBB...FCCC.FAAHDDG.H..GEE 41 16,6,7,3,3,1,2,1,2
05 ..BBB..CCFAA.EF...EG..DDG 434 18,54,156,132,72,2
07 .BBBG..CCGAA.FH...FH.DDEE 142 2,6,20,32,44,24,12,2
05 ..BBB..CCFAA.EF...EG.DDDG 275 10,30,88,83,62,2
06 BBCC.DD.G.AA.G.FEEE.F.... 105 12,27,20,10,12,18,6
04 ...D....D.CAAE.C..E.CBBB. 16 2,4,4,4,2
07 BBCC.DD.H.AA.H.GEEE.G.FF. 318 24,54,40,60,38,48,42,12
07 BBCC.DD.H.AA.H.GEEE.GFFF. 213 12,27,20,50,26,30,36,12
08 ..BBB..GCCAAG...DD.HEEFFH 468 72,36,70,93,91,68,27,9,2
09 .BBB...GCCAAGH..DDHIEEFFI 583 28,12,36,66,123,128,126,55,7,2
07 EBBB.ECCGHAAFGH..FDD..... 157 16,12,22,22,31,25,27,2
06 .EBBB.ECCGAAF.G..FDD..... 136 36,26,34,23,11,5,1
14 BBCC.DDDH.AAGH.F.G..FEE.. 221 60,36,24,4,6,2,2,6,10,15,15,16,14,8,3
05 ..BBB.CCDDAA..G..F.G..FEE 272 57,39,64,59,50,3
07 ...F..BBF.AAEG.D.EG.DCCC. 22 6,2,2,2,2,2,4,2
05 D....D.BB.AAFG.E.FG.E.CC. 116 37,24,20,24,10,1
05 ...E.BB.E.DAAF.D..F.DCCC. 18 2,4,4,4,2,2
05 ..BBB.CCCFAA.EF...EG..DDG 263 11,33,94,79,44,2
07 .BBBG.CCCGAA.FH...FH.DDEE 82 1,3,10,17,25,16,8,2
05 ..BBB.CCCFAA.EF...EG.DDDG 165 6,18,52,49,38,2
10 D..GHDBBGHAAF..E.F..E.CCC 57 5,2,3,2,3,4,6,6,10,12,4
05 .BBB...EF.AAEF.D....DCC.. 242 73,29,34,36,46,24
07 DBBB.D.EF.AAEF....G..CCG. 36 12,4,4,4,2,2,4,4
08 DBBB.D.F..AAF..E..G.ECCG. 55 7,2,2,4,4,8,8,16,4
05 EBBB.E..F.AA.F......CCDD. 94 7,15,16,32,12,12
07 EBBB.E.FG.AAFG......CCDD. 64 16,4,4,8,4,4,8,16
05 .BBB...EF.AAEF.DCC..D.... 141 44,21,24,22,18,12
07 DBBB.D.EF.AAEF..CCG....G. 22 6,2,2,2,2,2,4,2
04 EBBB.E..F.AA.F...CC...DD. 506 66,152,128,144,16
06 .BBB...FG.AAFG.ECC..EDD.. 328 103,27,28,38,57,55,20
08 EBBB.E.FG.AAFG..CCH..DDH. 32 10,2,2,2,2,2,4,6,2
08 E....E.BBBEAAF....FGCCDDG 45 1,2,6,5,5,8,8,8,2
06 D....DBBBGAA.FGE..F.ECCC. 61 3,6,9,7,10,14,12
08 FBBB.F.GH.AAGH..CC..DDEE. 121 37,6,4,8,6,6,12,30,12
04 ..BBB..CCCAA..F....F.DDEE 219 21,63,93,39,3
05 .BBB..CCCGAA.FG...F.DDEE. 220 4,12,34,54,80,36
04 EBBB.E..F.AA.F...CC..DDD. 340 40,90,74,120,16
06 ..BBB..CCCAAF.G..F.GDDEE. 139 16,12,28,34,29,17,3
07 .BBB..CCCHAAFGH..FG.DDEE. 170 4,3,11,20,40,40,36,16
08 DBBB.D.F..AAFG.ECCG.E.... 28 5,2,1,2,2,4,4,4,4
09 F....F.BBBFAAG.CC.GHDDEEH 76 3,6,14,8,5,9,12,12,6,1
09 EBBB.E.G..AAGH.FCCH.FDD.. 56 13,2,1,2,2,4,4,12,10,6
05 EBBB.E..F.AA.F.CCDD...... 46 5,11,6,12,6,6
07 EBBB.E.FG.AAFG.CCDD...... 24 7,2,1,2,2,2,4,4
08 FBBB.F.GH.AAGH.CCDD..EE.. 75 25,4,2,4,4,4,8,16,8
04 EBBB.E..F.AA.F..CCC...DD. 290 36,82,60,96,16
05 .F....FBBBEAA.GE...GECCDD 78 16,18,24,11,8,1
04 EBBB.E..F.AA.F..CCC..DDD. 204 24,54,38,72,16
05 DBBB.D..F.AA.F.ECCC.E.... 24 2,4,2,4,4,8
07 .BBB...FCCAAF..E..G.EDDG. 524 154,78,71,66,80,56,17,2
09 EBBB.E.CC.AAG..F.GH.FDDH. 80 4,2,2,6,8,12,12,14,14,6
06 FBBB.F.CC.AA.G....G.DDEE. 209 11,24,26,68,44,24,12
08 FBBB.F.CC.AAGH...GH.DDEE. 100 18,6,6,16,12,8,8,14,12
08 .BB.G..F.GAAF.HE...HECCDD 47 18,4,8,4,4,2,1,2,4
09 .BB.H..FGHAAFGIE...IECCDD 75 12,4,12,12,8,6,3,4,6,8
04 .BBB...CC.AA.F.E..F.EDDD. 340 40,90,74,120,16
07 ..BBG...FGEAAFHE...HECCDD 97 3,6,18,22,24,14,8,2
05 ..BBF...EFDAAEGD...GD.CCC 209 13,26,72,60,36,2
09 GBBB.G.HCCAAHI..DDI.EEFF. 70 4,2,2,6,8,8,8,14,14,4
05 ..BBB..E.FAAE.FD....DCC.. 380 132,46,82,60,48,12
06 .BBB...EFGAAEFGD....DCC.. 674 120,44,106,102,120,114,68
08 DBBB.D.EFHAAEFH...G..CCG. 112 24,8,16,14,11,7,10,14,8
10 D.BBBD.F..AAF..E..GHECCGH 149 7,2,6,6,10,12,20,24,42,18,2
06 EBBB.E..FGAA.FG.....CCDD. 266 9,19,50,56,74,34,24
08 .BBG..CCG.AAFH.E.FH.EDDD. 32 10,2,2,2,2,2,4,6,2
09 E.BBBE.FG.AAFG.....HCCDDH 148 16,4,12,12,18,10,12,24,36,4
05 ..BBB..E.FAAE.FDCC..D.... 234 81,36,53,34,24,6
06 .BBB...EFGAAEFGDCC..D.... 352 69,30,69,65,53,38,28
08 DBBB.D.EFHAAEFH.CCG....G. 70 12,4,8,7,7,7,10,11,4
08 ..HBBCCHI.GAAI.GDDEEFF... 76 21,17,13,6,9,3,3,3,1
08 ..GBBCCGH.FAAH.FDDD.EE... 152 42,34,26,12,18,6,6,6,2
08 ..GBBCCGH.FAAH.FDDD.EEE.. 106 30,24,18,8,12,4,4,4,2
05 EBBB.E..FGAA.FG..CC...DD. 1480 103,236,475,378,264,24
06 ..BBB..F.GAAF.GECC..EDD.. 606 241,54,82,83,78,56,12
07 .BBB...FGHAAFGHECC..EDD.. 773 153,36,81,85,116,147,107,48
09 EBBB.E.FGIAAFGI.CCH..DDH. 99 20,4,8,7,7,7,10,17,15,4
04 ..BB...CC.EAAF.E..F.EDDD. 246 38,76,56,68,8
10 F.BBBF.GH.AAGH..CC.IDDEEI 240 37,6,12,10,15,13,16,35,62,31,3
05 EBBB.E..FGAA.FG..CC..DDD. 968 60,134,272,250,228,24
10 D.BBBD.F..AAFGHECCGHE.... 57 5,2,3,2,3,4,6,6,10,12,4
11 E.BBBE.G..AAGHIFCCHIFDD.. 113 13,2,3,2,3,4,6,10,19,24,21,6
06 EBBB.E..FGAA.FGCCDD...... 94 6,13,20,15,19,13,8
14 BBB..CCC.GAAF.GE.F.HEDD.H 162 36,15,31,13,6,3,2,6,11,7,5,7,8,8,4
09 E.BBBE.FG.AAFGHCCDDH..... 38 7,2,3,2,3,3,4,6,6,2
16 BBBG.CCCGHAAF.HE.F.IEDD.I 244 31,17,45,33,13,7,3,1,3,6,7,10,13,15,18,14,8
09 FBBBHFCCCHAA.GI...GI.DDEE 82 1,2,6,9,14,14,15,12,7,2
06 .BBBG.CCCGAA.FHE..FHE.DDD 226 10,22,60,60,56,17,1
10 F.BBBF.GH.AAGHICCDDI.EE.. 117 25,4,6,4,6,6,8,16,23,15,4
10 GBBBIGCCCIAA.HJDD.HJ.EEFF 134 2,4,11,14,20,19,22,22,14,5,1
05 EBBB.E..FGAA.FG.CCC...DD. 786 53,120,227,194,168,24
05 EBBB.E..FGAA.FG.CCC..DDD. 540 34,76,144,130,132,24
06 DBBB.D..FGAA.FGECCC.E.... 61 3,6,9,7,10,14,12
06 .DBBB.D.F..AAF...E....ECC 72 35,9,6,6,12,2,2
11 .EBBB.EF..AAF..D..G.DCCG. 186 109,23,10,6,12,2,2,6,2,4,8,2
05 .EBBB.E.F.AA.F.D....DCCC. 74 19,23,8,16,4,4
05 ..BBB.CCDDAA..HG...HGEEFF 214 22,48,64,48,29,3
06 .DBBB.D.F..AAF...ECC..E.. 40 16,6,6,5,4,2,1
11 .EBBB.EF..AAFG.DCCG.D.... 76 36,10,8,5,4,2,1,3,1,2,2,2
04 .EBBB.E.F.AA.F...CC...DD. 88 16,24,16,24,8
07 .EBBB.E.G..AAG...FCC..FDD 88 28,6,6,7,17,16,7,1
05 D.BB.D.FG.AAFG.E....E.CC. 214 68,34,36,48,24,4
06 BB.F.D..F.DAAG.E..G.ECCC. 17 1,2,2,4,2,4,2
13 .FBBB.FG..AAGH.ECCH.EDD.. 151 61,10,8,7,17,16,7,5,3,1,2,6,5,3
04 .EBBB.E.F.AA.F...CC..DDD. 56 8,12,8,20,8
06 .FBBB.F.G.AA.G.E.CC.EDDD. 125 18,25,14,36,20,8,4
07 ..BBB..FCCAAF..E...GEDD.G 914 287,130,210,135,102,38,10,2
05 .EBBB.E.F.AA.F.DCCC.D.... 35 7,10,6,6,4,2
04 .EBBB.E.F.AA.F..CCC...DD. 52 8,12,8,16,8
08 .BBB...FCCAAF.HE..GHEDDG. 1290 223,110,233,181,183,176,138,38,8
06 .FBBB.F.G.AA.G.ECCC.E.DD. 102 14,20,12,24,18,10,4
11 E.BBBE.CC.AAG..F.GHIFDDHI 187 4,2,6,7,14,19,26,25,31,30,19,4
04 .EBBB.E.F.AA.F..CCC..DDD. 34 4,6,4,12,8
06 ..BBB..CCCAAF.GE.F.GEDD.. 528 152,84,130,81,56,21,4
06 .FBBB.F.G.AA.G.ECCC.EDDD. 67 7,10,6,18,14,8,4
07 .BBB..CCCHAAFGHE.FG.EDD.. 643 107,66,128,85,78,77,72,30
07 FBBB.F.CCHAA.GH...G.DDEE. 536 14,30,80,102,154,89,49,18
07 FBBB.FCCCHAA.GH...G.DDEE. 270 5,11,30,41,69,53,43,18
10 F.BBBFCCC.AAGH...GHIDDEEI 88 5,2,6,7,13,11,13,7,8,13,3
10 F.BBBF.CC.AAGH...GHIDDEEI 207 18,6,18,20,34,23,17,19,28,20,4
05 .BBB..CCCGAA.FGE..F.EDDD. 540 34,76,144,130,132,24
05 .BBB...CCGAA.FGE..F.EDDD. 968 60,134,272,250,228,24
09 BBB..FCCCIFAAHIDDGH...GEE 232 39,31,59,37,23,19,7,7,7,3
08 GBBB.GCCCIAA.HIDD.H.EEFF. 483 14,31,68,68,99,58,66,61,18
07 BB...FCCDDFAAHIG..HIGEEE. 60 3,6,9,6,9,12,13,2
11 GBBB.G.HCCAAHI..DDIJEEFFJ 146 4,2,6,7,14,17,17,19,28,22,8,2
05 .FBBB.F..GAA..G...CC.DDEE 261 51,57,86,43,22,2
09 DFBBIDF.HIEAAH.E.G....GCC 450 141,37,76,46,54,36,32,14,10,4
09 .FBBB.FG..AAG...CC.HDDEEH 121 60,6,8,4,3,6,6,16,10,2
05 .EBB..E.FGDAAFGD....DCCC. 210 30,36,56,32,40,16
06 .FBB..F.GHEAAGHE.CC.EDDD. 317 26,35,62,56,80,46,12
06 .GBBB.GCCCAA..HF...HFDDEE 270 55,59,81,50,21,3,1
04 ..BBB..CCCAA..F.E..F.EDDD 204 42,54,74,31,3
05 .EBB.DE.FGDAAFGDCCC...... 77 8,11,20,12,14,12
06 .FBB.EF.GHEAAGHECCC...DD. 222 16,22,40,32,46,42,24
05 ....E....EDAA.FD...FDBBCC 24 2,4,8,4,4,2
06 ....F...EFDAAEGD...GDBBCC 46 2,4,12,12,8,6,2
06 .FBB.EF.GHEAAGHECCC..DDD. 145 8,11,20,20,32,30,24
14 BBB..CCDD.AAG..F.GH.FEEH. 200 60,30,18,4,6,2,2,6,9,11,14,17,14,6,1
10 G.BBBGCCDDAAH....H.IEEFFI 58 10,4,8,8,6,8,5,2,3,3,1
08 BBB..GCCDDGAA.IEEH.I..HFF 70 20,12,14,6,6,2,4,4,2
10 EGBBJEGCCJFAAI.F.HI...HDD 406 186,50,67,22,20,16,15,12,8,6,4
05 ..BBB..E.FAAE.F.D....DCC. 242 105,23,44,30,30,10
07 .DBBB.D.FG.AAFG..E....ECC 162 55,13,24,18,20,24,4,4
08 .EBBB.EF..AAF..D...GDCC.G 674 346,64,116,62,46,24,4,8,4
13 .EBBB.EF..AAF..D..GHDCCGH 388 167,33,56,26,20,24,4,4,12,4,8,16,12,2
05 ...D....DFCAAEFC..E.CBBB. 57 4,8,16,14,11,4
08 .DBBB.DF..AAF...E..G.ECCG 36 10,2,4,2,2,6,4,4,2
04 .EBBB.E..FAA..F......CCDD 94 19,21,34,14,6
08 .EBBB.EF..AAF......GCCDDG 64 28,4,8,4,2,4,4,8,2
05 .FBBB.F..GAA..GE....ECCDD 266 53,57,94,42,16,4
06 .EBBB.E.FGAA.FGD....DCCC. 192 29,33,54,24,34,10,8
05 ..BBB..E.FAAE.F.DCC..D... 141 58,18,28,17,14,6
07 .DBBB.D.FG.AAFG..ECC..E.. 90 24,8,18,17,13,7,2,1
08 .EBBB.EF..AAF.GDCC.GD.... 352 173,44,59,33,22,13,2,2,4
13 .EBBB.EF..AAFGHDCCGHD.... 155 52,13,28,21,13,7,2,1,3,1,2,2,6,4
04 .EBBB.E..FAA..F...CC...DD 506 104,144,200,55,3
05 .EBBB.E.FGAA.FG..CC...DD. 222 24,32,64,44,46,12
06 .EBBB.E..GAAF.G..FCC.DD.. 328 162,24,36,29,37,34,6
08 .EBBB.E.GH.AAGH..FCC..FDD 189 42,8,18,19,26,39,27,9,1
08 ....G.BB.GAAF.HE.F.HECCDD 26 9,2,4,2,2,2,1,2,2
09 ....H.BBGHAAFGIE.F.IECCDD 43 6,2,6,6,4,4,3,4,5,3
09 .FBBB.FG..AAG.HECC.HEDD.. 773 457,57,75,53,51,49,11,6,6,8
15 .FBBB.FG..AAGHIECCHIEDD.. 297 88,13,28,23,26,39,27,9,7,3,1,2,6,7,12,6
04 .EBBB.E..FAA..F...CC..DDD 340 70,90,130,47,3
05 .EBBB.E.FGAA.FG..CC..DDD. 138 12,16,32,26,40,12
06 ....FBB..FEAA.GE...GECCDD 50 4,8,16,8,8,4,2
07 ....GBB.FGEAAFHE...HECCDD 61 2,4,12,14,12,8,6,3
05 ....F..BBFDAAEGD..EGD.CCC 140 10,20,54,39,16,1
07 .FBBB.F.GHAA.GHE.CC.EDDD. 299 26,33,64,46,74,35,15,6
08 .DBBB.DF..AAF.G.ECCG.E... 22 8,2,2,1,1,3,2,1,2
09 .EBBB.EG..AAG.H.FCCH.FDD. 32 14,2,2,1,1,3,2,3,2,2
04 .EBBB.E..FAA..F.CCDD..... 46 10,12,16,5,3
08 .EBBB.EF..AAF.GCCDDG..... 24 10,2,2,1,1,2,2,2,2
05 .FBBB.F..GAA..GECCDDE.... 94 20,23,30,11,7,3
05 .FBBB.F..GAA..G.CCDD...EE 174 36,42,56,25,13,2
09 .FBBB.FG..AAG.HCCDDH.EE.. 75 36,4,4,2,2,4,4,8,7,4
05 .FBBB.F..GAA..G.CCDD..EEE 128 26,30,40,20,10,2
06 .EBBB.E.FGAA.FGDCCC.D.... 85 10,13,26,15,11,7,3
04 .EBBB.E..FAA..F..CCC...DD 290 60,80,108,39,3
05 .EBBB.E.FGAA.FG.CCC...DD. 126 12,16,32,24,30,12
07 .FBBB.F.GHAA.GHECCC.E.DD. 234 20,26,52,36,48,30,16,6
05 .FBBB.F..GAA..G..CCC.DDEE 167 32,36,52,29,16,2
04 .E....EBB.DAAF.D..F.DCCC. 48 14,18,4,8,4
04 .EBBB.E..FAA..F..CCC..DDD 204 42,54,74,31,3
05 .EBBB.E.FGAA.FG.CCC..DDD. 80 6,8,16,14,24,12
07 .FBBB.F.GHAA.GHECCC.EDDD. 149 10,13,26,21,37,23,13,6
05 .DBBB.D..FAA..F.ECCC.E... 11 2,2,2,1,1,3
07 ..BBB..FCCAAF...E..G.EDDG 524 206,58,102,70,55,26,6,1
05 ..E....EBBDAAFGD..FGDCCC. 31 10,4,6,4,5,2
09 .FBBB.FGCCAAG..E...HEDD.H 1290 588,143,242,149,86,48,16,8,6,4
09 .EBBB.EGCCAAG...F..H.FDDH 40 6,2,4,4,3,7,5,4,3,2
09 ....HBBCCHAAG..F.G..FDDEE 24 7,2,2,2,2,2,1,2,2,2
09 EBBH.ECCH.AAG..F.G..FDDD. 56 13,2,1,2,2,4,4,12,10,6
07 .....BBCC.AAFG.E.FG.EDDD. 24 7,2,1,2,2,2,4,4
09 .FBBB.FGCCAAG......HDDEEH 100 38,8,16,12,4,5,4,6,5,2
06 .....BBCC.EAAF.E..F.EDDD. 18 2,4,2,4,2,2,2
06 .GBBB.G.CCAA..HF...HFDDEE 536 108,116,175,99,31,6,1
04 ..BBB...CCAA..F.E..F.EDDD 340 70,90,130,47,3
05 .E....EBBBDAAFGD..FGDCCC. 47 10,12,14,4,5,2
05 EBBCCE...GEAA.G..F....FDD 158 62,24,44,16,8,4
05 BBCC....FGEAAFGE....EDDD. 135 5,10,26,28,42,24
07 .BBF...EF.AAEG.D..G.DCCC. 36 12,4,4,4,2,2,4,4
10 .GBBB.GHCCAAH...DD.IEEFFI 51 8,2,4,4,3,5,4,6,7,6,2
04 ..EBB..EF.DAAF.D....DCCC. 90 48,16,14,8,4
08 ...F..BBFHAAEGHD.EG.DCCC. 70 12,4,8,7,7,7,10,11,4
09 .BB.H.CC.HAAG.IF.G.IFDDEE 48 23,2,4,2,2,2,1,2,6,4
10 .BB.I.CCHIAAGHJF.G.JFDDEE 64 10,2,6,6,4,4,3,4,7,12,6
06 D....D.BBHAAFGHE.FG.E.CC. 264 55,30,60,48,48,21,2
08 ..HBBCCH.IGAA.IGDDEEFF... 100 28,17,20,9,9,3,6,6,2
09 ..IBBCCI.JHAA.JHDDEEFFGG. 50 16,9,10,3,3,1,2,2,2,2
08 ..HBBCCH.IGAA.IGDDEEFFF.. 70 20,12,14,6,6,2,4,4,2
09 .FBBB.FCCCAAG..E.G.HEDD.H 643 265,79,127,84,48,26,9,1,2,2
09 .FBBB.FCCCAAG....G.HDDEEH 45 16,4,8,6,3,2,2,1,2,1
06 FBBCCF.DDDFAA.H..G.H..GEE 166 64,24,36,16,16,8,2
05 .BBCC..DDDGAA.HG...HGEEFF 141 13,26,40,36,24,2
06 ...E.BB.EGDAAFGD..F.DCCC. 64 4,8,16,14,11,7,4
07 BBCC.DDDGHFAAGHF....FEEE. 166 9,18,33,22,32,23,17,12
09 BBB..FGCCCFGAAIDDH.I..HEE 65 28,10,11,3,3,1,2,3,2,2
08 ..BBHCC.GHFAAGIF...IFDDEE 137 3,6,18,25,32,23,17,10,3
09 BBCCH..FGHAAFG.E....E.DDD 148 16,4,12,12,18,10,12,24,36,4
10 BBCCI..H.IAAH..G..DDGEEFF 146 27,10,20,24,24,12,6,5,10,6,2
08 BBCC...GH.AAGH.F.DD.FEEE. 100 18,6,6,16,12,8,8,14,12
09 BBCCH..G.HAAG..FDDEEF.... 24 5,2,4,2,2,4,1,1,2,1
10 BBCCI..H.IAAH..GDDEEG..FF 82 15,6,12,10,8,12,6,3,5,4,1
11 BBCCJ..I.JAAI..HDDEEHFFGG 44 5,2,4,6,8,6,4,4,1,1,2,1
10 BBCCI..H.IAAH..GDDEEG.FFF 58 10,4,8,8,6,8,5,2,3,3,1
09 BBCCH..FGHAAFG.E.DDDE.... 47 5,2,6,5,5,7,4,5,7,1
10 BBCCI..GHIAAGH.F.DDDF.EE. 135 10,4,12,12,18,18,17,12,15,15,2
10 BBCCI..H.IAAH..G.DDDGEEFF 88 14,6,12,16,16,8,4,3,5,3,1
10 BBCCI..GHIAAGH.F.DDDFEEE. 88 5,2,6,7,13,11,13,7,8,13,3
10 BBCCI.DDHIAAGH.F.G..F.EEE 240 37,6,12,10,15,13,16,35,62,31,3
10 .BB.ICCDDIAAGH.F.GH.F.EEE 117 25,4,6,4,6,6,8,16,23,15,4
07 EBBCCE...GFAA.GF...HDDD.H 20 1,2,4,4,2,2,3,2
08 FBBCCF..GHFAAGHDD..I.EEEI 76 1,2,6,9,15,17,13,9,4
09 FBBCCF..HIGAAHIG.DDJEE..J 72 1,2,6,9,13,10,9,10,9,3
06 EBBCCE...FEAA.FDDD.G....G 26 2,4,8,4,4,2,2
09 E...HEBB.HAAG..F.G..FCCDD 26 5,2,2,2,2,2,3,2,2,4
05 ..F....FBBEAA.GE...GECCDD 28 10,4,4,4,4,2
04 ..E....EBBDAAF.D..F.DCCC. 22 10,4,2,4,2
06 BBCC.DD.H.GAAH.G.EE.GFFF. 189 15,30,20,48,40,24,12
07 BBCC.DD.G.FAAG.FEEE.F.... 33 3,6,4,2,4,6,6,2
08 BBCC.DD.H.GAAH.GEEE.G.FF. 102 6,12,8,12,10,16,20,14,4
08 BBCC.DD.H.GAAH.GEEE.GFFF. 69 3,6,4,10,6,10,14,12,4
06 ....FBBB.FEAA.GE...GECCDD 26 2,4,8,4,4,2,2
05 ....F.BBBFDAAEGD..EGD.CCC 49 3,6,16,13,10,1
09 F.BB.F.CCCFAAG....GHDDEEH 143 2,4,12,12,18,20,26,26,19,4
05 ..BB..CCCGEAAFGE..F.EDDD. 329 25,50,89,77,76,12
04 .E....EBBBDAAF.D..F.DCCC. 26 8,10,2,4,2
05 CBBB.C..DFCAADF...E....E. 57 4,8,16,14,11,4
07 BB..GE...GEAA.HF...HFCCDD 36 2,4,8,6,4,4,6,2
05 DBBB.D..FGDAAFG..E....ECC 212 78,24,52,32,18,8
05 EBBB.E..FGEAAFG.....CCDD. 135 5,10,26,28,42,24
09 DF..IDFBBIEAAH.E.GH...GCC 214 79,31,41,17,16,9,8,5,4,4
05 .E....EBBGDAAFGD..F.DCCC. 120 22,28,34,14,16,6
06 E.BB.E.CC.AAGH.F.GH.F.DD. 264 84,40,31,48,42,18,1
05 EBBB.E.CC.EAAG...FG...FDD 186 90,38,26,16,12,4
05 FBBB.F.CC.FAAG....G.DDEE. 93 5,10,10,28,28,12
04 .BBB...CC.EAAF.E..F.EDDD. 162 22,44,32,56,8
08 D..G.DBBG.AAF..E.F..ECCC. 28 5,2,1,2,2,4,4,4,4
09 .BBG..CCGIAAFHIE.FH.EDDD. 99 20,4,8,7,7,7,10,17,15,4
09 ....HBBCCHAAFG.E.FG.E.DDD 38 7,2,3,2,3,3,4,6,6,2
06 F....FBBCCAA..HG...HGDDEE 14 1,2,2,2,2,2,3
08 ....GBBCCGEAAF.E..F.E.DDD 33 2,4,6,4,5,3,3,4,2
06 DBBB.D..F.EAAF.E..G.CC.G. 17 1,2,2,4,2,4,2
07 EBBB.E..G.FAAG.F....CCDD. 29 1,2,2,4,4,8,4,4
05 DBBB.D..F.AA.F.E....ECCC. 52 4,8,8,16,8,8
05 DBBB.D..E.DAAE.CC.F....F. 18 2,4,4,4,2,2
04 EBBB.E..F.EAAF...CC...DD. 246 38,76,56,68,8
06 E....EBBB.EAAF....F.CCDD. 19 1,2,2,2,4,4,4
05 D....DBBB.AA.F.E..F.ECCC. 24 2,4,2,4,4,8
05 FBBB.F..G.FAAG.CC...DDEE. 120 12,24,16,32,24,12
04 EBBB.E..F.EAAF...CC..DDD. 162 22,44,32,56,8
07 F....FBBB.FAAG.CC.G.DDEE. 33 3,6,4,2,4,6,6,2
06 EBBB.E..F.EAAF.CCDD...... 18 2,4,2,4,2,2,2
09 ..HBBCCHIJGAAIJGDDEEFF... 118 21,17,30,19,12,9,3,3,3,1
04 EBBB.E..F.EAAF..CCC...DD. 128 18,36,22,44,8
06 FBBB.F....FAAG.CCCG.DDEE. 72 8,16,8,16,12,6,6
04 EBBB.E..F.EAAF..CCC..DDD. 90 12,24,14,32,8
06 EBBB.E..G.FAAG.FCCC.DD... 76 6,12,6,12,12,24,4
06 EBBB.E..G.FAAG.FCCC.DDD.. 52 4,8,4,8,8,16,4
09 ..GBBCCGHIFAAHIFDDD.EE... 344 57,46,86,55,36,29,11,11,10,3
08 FBBB.F.CC.GAAH.G..H.DDEE. 55 1,2,2,6,8,12,12,8,4
09 ..GBBCCGHIFAAHIFDDD.EEE.. 232 39,31,59,37,23,19,7,7,7,3
07 BB...ECCCHEAAGHF..G.FDDD. 181 8,16,26,19,28,38,40,6
06 GBBB.G.CC.GAAH.DD.H.EEFF. 189 15,30,20,48,40,24,12
10 G.BB.G.CCCGAAH.DD.HIEEFFI 224 6,12,28,20,24,21,31,37,30,13,2
05 ..BB...CCGEAAFGE..F.EDDD. 702 58,116,223,169,124,12
07 GBBB.G.CC.GAAH.DDDH.EEFF. 96 10,20,10,20,12,6,6,12
05 ..FBB..F.GEAA.GE....ECCDD 158 62,24,44,16,8,4
08 .BBF...EFHAAEGHD..G.DCCC. 112 24,8,16,14,11,7,10,14,8
07 BBB..FCCDDFAAHIG..HIGEEE. 41 2,4,6,4,6,8,9,2
05 ..EBB..EFGDAAFGD....DCCC. 212 78,24,52,32,18,8
10 .BB.ICCDDIAAH..G.H..GEEFF 70 25,4,4,4,4,4,2,4,8,7,4
08 .BB..CCDD.AAGH.F.GH.FEEE. 75 25,4,2,4,4,4,8,16,8
05 .FBBB.F..GEAA.GE....ECCDD 170 34,36,60,28,10,2
07 F.BB.FCCC.FAAG....G.DDEE. 64 2,4,4,8,10,14,14,8
04 ..BB..CCC.EAAF.E..F.EDDD. 128 18,36,22,44,8
06 D.BB.D.FGHAAFGHE....E.CC. 572 110,46,112,104,128,64,8
07 BB.F.D..FHDAAGHE..G.ECCC. 60 2,4,8,10,11,10,11,4
07 ...BBCCDDHAA.GHF..GIFEEEI 72 3,6,15,11,13,13,10,1
08 DBBG.D.FG.AAF..E....ECCC. 55 7,2,2,4,4,8,8,16,4
05 ..FBB..FG.EAAG.E.CC.EDDD. 186 90,38,26,16,12,4
06 E.BB.E.GH.AAGH.F.CC.F.DD. 264 84,40,31,48,42,18,1
05 ...BB.CCDDGAA.HG...HGEEFF 104 10,20,26,24,22,2
09 EBBH.E.GH.AAG..F.CC.FDDD. 80 4,2,2,6,8,12,12,14,14,6
04 ..EBBD.EF.DAAF.DCCC...... 14 4,2,2,2,4
05 ..FBBE.FG.EAAG.ECCC...DD. 42 8,4,4,8,10,8
05 ..FBBE.FG.EAAG.ECCC..DDD. 28 4,2,2,6,6,8
10 FBB.IFCC.IAAH..G.H..GDDEE 48 13,2,2,2,2,2,3,2,6,6,8
07 E.BB.E.CCIAAGHIF.GH.F.DD. 578 116,50,100,81,102,91,36,2
06 ..E....EBB.AAF..D.F..DCC. 98 30,20,21,15,8,3,1
07 ..F..D.FBBDAAG..E.G..ECC. 204 72,42,36,26,14,8,4,2
06 ..E....EBB.AAF..D.F..DCCC 40 16,6,6,5,4,2,1
11 D..G.DBBG.AAF...EF...ECCC 76 36,10,8,5,4,2,1,3,1,2,2,2
07 BB...GCCDDGAA.IH...IHEEFF 44 3,6,6,6,6,6,9,2
06 BB...ECCC.EAAG.F..G.FDDD. 76 6,12,6,12,12,24,4
06 FBBCCF..DDFAA.H..G.H..GEE 330 130,52,78,32,24,12,2
05 ....EBB..E.DAAF.D..F.DCCC 21 4,4,8,2,1,2
08 G.BB.GCCC.GAAH.DD.H.EEFF. 102 6,12,8,12,10,16,20,14,4
05 .BBCC...DDGAA.HG...HGEEFF 225 21,42,68,56,36,2
06 BBCC.DD.GHFAAGHF....FEEE. 301 14,28,59,50,74,52,24
08 ....GBBCCGAAF...EF...EDDD 24 10,2,2,1,1,2,2,2,2
06 .E.BB.E.FGDAAFGD...HDCCCH 108 12,14,32,20,18,10,2
06 ......BBBGAAEFG.DEF..DCC. 81 14,6,15,15,16,10,5
06 D....DBBBGAA.FG.E.F..ECC. 181 18,27,52,36,26,16,6
09 D....D.BBBAAFG..EFGH.ECCH 132 24,9,23,20,21,17,9,4,4,1
05 D....DBBBGDAAFG.E.F..ECC. 77 8,11,20,12,14,12
06 D....DBBBGAA.FG.E.F..ECCC 85 10,13,26,15,11,7,3
05 D....DBBBGDAAFG.E.F..ECCC 35 4,5,10,5,5,6
07 .F.BB.F.GHEAAGHE.CCIEDDDI 145 10,13,32,29,32,21,7,1
06 .E.BBDE.FGDAAFGDCCCH....H 38 3,4,10,8,6,5,2
05 .F....FBBB.FAAGE...GECCDD 32 6,6,6,6,6,2
05 .F....FBBBEFAAGE...GECCDD 22 4,4,4,4,4,2
07 .F.BBEF.GHEAAGHECCCI..DDI 97 6,8,20,18,18,15,10,2
07 .F.BBEF.GHEAAGHECCCI.DDDI 59 3,4,10,10,12,10,8,2
10 BBCCI.DD.IAAH..G.H..GEEFF 110 37,6,8,8,8,6,3,6,16,10,2
08 GBBCCGDD.IAAH.I..HEE.FF.. 450 103,53,85,91,78,24,8,4,4
20 BBCCJDD.IJGAAI.G.HEEFFH.. 299 12,7,23,32,55,47,42,29,14,10,7,3,1,3,1,1,2,3,3,3,1
11 BBCCJ.DD.JAAI..H.IEEHFFGG 87 8,4,8,10,10,10,6,5,10,8,6,2
09 BBCC..DDI.AAHI.G.HEEGFFF. 70 4,2,2,6,8,8,8,14,14,4
07 EBBCCE...GFAA.GF...HDD..H 36 2,4,8,6,4,4,6,2
08 EBBCCE..GHFAAGHF...IDD..I 54 1,2,6,8,10,6,7,8,6
07 BBCC.E..G.EAAG.F....FDDD. 29 1,2,2,4,4,8,4,4
06 EBBCCE...FEAA.FDD..G....G 50 4,8,16,8,8,4,2
07 EBBCCE..FGEAAFGDD..H....H 61 2,4,12,14,12,8,6,3
08 FBBCCF..GHFAAGHDD..I..EEI 137 3,6,18,25,32,23,17,10,3
05 GBBCCG...HGAA.H...DD.EEFF 225 21,42,68,56,36,2
05 BBCC....G.FAAG.F.DD.FEEE. 93 5,10,10,28,28,12
08 BBCC.F..H.FAAH.G.DD.GEEE. 55 1,2,2,6,8,12,12,8,4
06 BBCC.E..F.EAAF.EDDD...... 19 1,2,2,2,4,4,4
07 BBCC.F..G.FAAG.FDDD...EE. 64 2,4,4,8,10,14,14,8
07 BBCC.F..G.FAAG.FDDD..EEE. 45 1,2,2,6,6,10,10,8
06 BB...FCCDDFAAH.G..H.GEEE. 38 3,6,3,6,6,12,2
09 .BBCCDD.HIGAAHIG.EEJGFFFJ 130 2,4,11,14,22,26,25,17,8,1
06 ..GBB..G.HFAA.HF..CCFDDEE 330 130,52,78,32,24,12,2
07 E..BBECCCHAA.GHF..GIFDDDI 63 2,4,10,8,9,11,14,5
08 ..GBBCCG.H.FAAH.FDDDEE... 68 24,10,12,6,6,2,4,2,2
09 ..HBBCCH.IFGAAIFGDDDEE... 109 44,17,19,6,6,2,4,6,3,2
08 ..GBBCCG.H.FAAH.FDDDEEE.. 41 16,6,7,3,3,1,2,1,2
09 ..HBBCCH.IFGAAIFGDDDEEE.. 65 28,10,11,3,3,1,2,3,2,2
11 EBBHIECCHIAAG..F.G..F.DDD 113 13,2,3,2,3,4,6,10,19,24,21,6
08 BBCC.DDDHIGAAHIG.EE.GFFF. 216 11,22,41,27,38,23,17,19,18
04 .EBB..E.F.DAAF.D....DCCC. 72 18,22,8,16,8
05 DBBCCD...EDAA.E....F....F 24 2,4,8,4,4,2
06 DBBCCD..EFDAAEF....G....G 46 2,4,12,12,8,6,2
07 EBBCCE..FGEAAFG....H..DDH 97 3,6,18,22,24,14,8,2
07 EBBCCE..FGEAAFG....H.DDDH 51 1,2,6,8,12,12,6,4
04 ...BB...CC.EAAF.E..F.EDDD 172 45,45,62,19,1
05 .FBB..F.G.EAAG.E.CC.EDDD. 114 16,22,12,32,24,8
04 .EBB.DE.F.DAAF.DCCC...... 28 5,7,4,4,8
05 .FBB.EF.G.EAAG.ECCC...DD. 84 10,14,8,16,20,16
08 .BBBHCC.GHFAAGIF...IFDDEE 76 1,2,6,9,15,17,13,9,4
05 BBCC.DD.G.FAAG.F....FEEE. 120 12,24,16,32,24,12
05 .FBB.EF.G.EAAG.ECCC..DDD. 56 5,7,4,12,12,16
05 .BB...CCDDAAG.H.FG.H.FEE. 312 111,39,59,49,44,10
08 EGBB.EGCC.FAAI.F.HI...HDD 247 148,42,11,13,9,10,7,5,2
10 F..BBFCCDDAAH...GH.I.GEEI 548 221,63,92,70,56,28,8,3,3,3,1
05 ...BB.CCDDAA..G.F..G.FEEE 174 36,42,56,25,13,2
05 ...BB.CCDD.FAAG.F..G.FEEE 22 3,3,6,5,4,1
06 F..BBFCCDD.GAAH.G..H.GEEE 51 6,6,12,10,8,7,2
06 F..BBFCCDDFGAAH.G..H.GEEE 29 3,3,6,5,4,6,2
09 .BBCCDDDGHFAAGHF...IFEEEI 44 1,2,5,5,7,8,7,6,2,1
09 BBCCH..G.HAAG..F....FDDEE 64 16,4,8,8,8,4,2,4,8,2
10 BBCCI...HIAAGH.F.GDDFEEE. 207 18,6,18,20,34,23,17,19,28,20,4
18 BBCC.DD.I.GAAI.G.HEEFFH.. 154 12,7,9,24,23,22,20,10,6,5,1,1,3,1,1,2,3,3,1
09 F.BBBFCCC.FAAG....GHDDEEH 98 1,2,6,7,13,12,18,18,16,5
06 ..BBG.CCCGAA.FH.E.FH.E.DD 130 8,12,32,32,30,14,2
05 .BBB..CCCGEAAFGE..F.EDDD. 226 16,32,57,51,58,12
08 E.BBHECCCHAA.GI.F.GI.F.DD 236 14,20,52,50,48,30,15,6,1
07 E.BBHECCCHEAAGI.F.GI.F.DD 97 6,8,20,18,18,15,10,2
06 FBBCCF...HAA..HG....GDDEE 36 2,4,8,8,8,4,2
08 ..BBG.CCCGAA.FH.E.FH.EDDD 42 4,4,8,2,2,4,8,8,2
07 BBB.GE...GEAA.HF...HFCCDD 20 1,2,4,4,2,2,3,2
10 E.BBHECCCHAA.GI.F.GI.FDDD 72 6,6,12,4,4,6,12,12,6,3,1
09 E.BBHECCCHEAAGI.F.GI.FDDD 28 2,2,4,2,2,2,4,4,4,2
05 D.BBBD..EFDAAEF..CCG....G 140 10,20,54,39,16,1
08 FBBBHF..GHFAAGICC..I.DDEE 95 2,4,11,13,19,21,15,8,2
07 EBBBHE..GHAA.GIF.CCIF.DDD 111 3,6,17,22,26,23,13,1
07 FBBB.F..HIGAAHIGCCDDEE... 60 3,6,9,6,9,12,13,2
07 FBBB.F..HIGAAHIGCCDDEEE.. 41 2,4,6,4,6,8,9,2
05 D.BBBD..EFDAAEF.CCCG....G 49 3,6,16,13,10,1
09 FBBBHF...HFAAGICCCGI.DDEE 44 1,2,5,5,7,8,7,6,2,1
07 BBCC.DD.HIGAAHIG.EE.GFFF. 449 17,34,73,67,108,83,49,18
07 E.BBBE.CCHAA.GHF..GIFDDDI 111 3,6,17,22,26,23,13,1
04 ...BB..CCC.EAAF.E..F.EDDD 74 18,18,24,13,1
09 GBBBIG.CCIGAAHJDD.HJ.EEFF 130 2,4,11,14,22,26,25,17,8,1
09 D.GBBD.GH.EAAH.EF..I.FCCI 450 141,37,76,46,54,36,32,14,10,4
09 BBCCHDD.GHFAAG.F.EEEF.... 76 3,6,14,8,5,9,12,12,6,1
10 BBCCIDD.HIGAAH.G.EEEG.FF. 224 6,12,28,20,24,21,31,37,30,13,2
10 BBCCIDD.HIGAAH.G.EEEGFFF. 148 3,6,14,12,19,12,19,25,23,12,3
10 GBBBIG.CCIGAAHJDDDHJ.EEFF 54 1,2,5,5,7,8,9,8,6,2,1
08 BBCC.HDDEEHAA.JI...JIFFGG 18 1,2,2,2,2,2,3,2,2
07 BBB..ECCCHEAAGHF..G.FDDD. 120 5,10,17,12,18,24,28,6
07 BB...GICCCGIAAJHDDDJHEEFF 50 5,7,7,7,7,7,9,1
07 BBCC.DDDH.GAAH.G.EE.GFFF. 96 10,20,10,20,12,6,6,12
09 EBB.HE.G.HAAG..F....FCCDD 47 7,2,4,4,4,4,6,4,8,4
05 D.BBBD..EFDAAEF....G..CCG 209 13,26,72,60,36,2
10 DBBGHD.FGHAAF..E....E.CCC 149 7,2,6,6,10,12,20,24,42,18,2
10 G.BBBGCCC.GAAH.DD.HIEEFFI 148 3,6,14,12,19,12,19,25,23,12,3
07 EBBBGE..FGEAAFH....H.CCDD 51 1,2,6,8,12,12,6,4
05 D.BBBD..EFDAAEF....G.CCCG 118 6,12,34,34,28,4
06 ..FBB..FGHEAAGHE.CC.EDDD. 395 126,52,101,55,34,21,6
07 E.BB.E.GHIAAGHIF.CC.F.DD. 578 116,50,100,81,102,91,36,2
10 EGBBJEG.IJFAAI.F.HCC..HDD 299 44,15,39,38,63,46,28,15,6,3,2
10 FBB.IF.H.IAAH..G..CCGDDEE 93 8,4,8,10,10,10,14,7,10,8,4
11 EBBHIE..HIAAG..F.GCCFDDD. 187 4,2,6,7,14,19,26,25,31,30,19,4
05 .EBBB.E.FGDAAFGD....DCCC. 108 18,20,32,12,18,8
05 ..FBBE.F.GEAA.GECCDD..... 18 4,2,4,2,2,4
06 ..GBBF.G.HFAA.HFCCDD...EE 64 12,6,12,10,8,12,4
06 .FBBB.F.GHEAAGHE.CC.EDDD. 144 14,17,32,20,34,21,6
07 ..HBBG.H.IGAA.IGCCDD.EEFF 38 4,2,4,6,8,6,4,4
06 ..GBBF.G.HFAA.HFCCDD..EEE 46 8,4,8,8,6,8,4
05 ..EBBD.EFGDAAFGDCCC...... 28 4,2,6,5,5,6
06 ..FBBE.FGHEAAGHECCC...DD. 83 8,4,12,12,18,17,12
06 ..GBB..G.HFAA.HF.CCCFDDEE 166 64,24,36,16,16,8,2
07 ..HBB..H.IFGAAIFGCCCFDDEE 238 112,22,34,24,26,14,5,1
05 .FBBBEF..GEAA.GECCDD..... 47 10,11,14,6,4,2
06 ..FBBE.FGHEAAGHECCC..DDD. 55 4,2,6,7,13,11,12
05 .EBBBDE.FGDAAFGDCCC...... 35 4,5,10,5,5,6
06 .FBBBEF.GHEAAGHECCC...DD. 97 8,10,20,12,18,17,12
10 FBB.IF.H.IAAH..G.CCCGDDEE 52 4,2,4,6,6,6,8,5,5,4,2
06 EBBB.E.CCHEAAGH..FG...FDD 395 126,52,101,55,34,21,6
06 .FBBBEF.GHEAAGHECCC..DDD. 62 4,5,10,7,13,11,12
06 FBBB.F.CCHFAAGH...G.DDEE. 233 6,12,32,40,70,55,18
05 .BBB...CCGEAAFGE..F.EDDD. 450 32,64,125,111,106,12
04 BBCC....F.EAAF.E....EDDD. 48 4,8,8,16,12
07 FBBB.FCCC.FAAG....G.DDEE. 45 1,2,2,6,6,10,10,8
04 .BBB..CCC.EAAF.E..F.EDDD. 90 12,24,14,32,8
08 .BBCCDD.GHFAAGHF...IFEEEI 95 2,4,11,13,19,21,15,8,2
07 DBBB.D..FHEAAFHE..G.CC.G. 60 2,4,8,10,11,10,11,4
09 E.BBBE..G.FAAG.F...HCCDDH 77 1,2,6,6,10,12,18,10,10,2
06 DBBB.D..FGAA.FGE....ECCC. 158 6,12,28,32,40,24,16
06 DBBB.D..EGDAAEGCC.F....F. 64 4,8,16,14,11,7,4
05 EBBB.E..FGEAAFG..CC...DD. 702 58,116,223,169,124,12
06 FBBB.F..GHFAAGHCC...DDEE. 301 14,28,59,50,74,52,24
05 EBBB.E..FGEAAFG..CC..DDD. 450 32,64,125,111,106,12
06 BBCC.DDDG.FAAG.F....FEEE. 72 8,16,8,16,12,6,6
08 E.BBBE..F.EAAFGCCDDG..... 33 2,4,6,4,5,3,3,4,2
06 FBBB.F..H.GAAH.GCCDDEE... 38 3,6,3,6,6,12,2
06 FBBB.F..H.GAAH.GCCDDEEE.. 26 2,4,2,4,4,8,2
05 EBBB.E..FGEAAFG.CCC...DD. 329 25,50,89,77,76,12
07 FBBB.F...HFAAGHCCCG.DDEE. 166 9,18,33,22,32,23,17,12
07 BBCC...FG.AAFG.E....EDDD. 64 16,4,4,8,4,4,8,16
05 EBBB.E..FGEAAFG.CCC..DDD. 226 16,32,57,51,58,12
07 EBBB.E..GHFAAGHFCCC.DD... 181 8,16,26,19,28,38,40,6
07 EBBB.E..GHFAAGHFCCC.DDD.. 120 5,10,17,12,18,24,28,6
07 BBCC...FG.AAFG.EDDD.E.... 23 5,2,2,2,4,2,2,4
08 BBCC...GH.AAGH.FDDD.F.EE. 68 10,4,4,8,10,10,6,8,8
08 BBCC...GH.AAGH.FDDD.FEEE. 45 5,2,2,6,6,8,4,4,8
04 ....D....D.CAAE.C..E.CBBB 19 4,4,8,2,1
08 BBCC..DDH.AAGH.F.G..FEEE. 121 37,6,4,8,6,6,12,30,12
11 BBCCJ.DDIJAAHI.G.HEEGFFF. 146 4,2,6,7,14,17,17,19,28,22,8,2
10 F.BBBF.CC.GAAH.G..HIDDEEI 127 1,2,6,7,14,19,26,23,17,10,2
09 BBCCHE..GHEAAG.F....F.DDD 77 1,2,6,6,10,12,18,10,10,2
06 BBCC....GHFAAGHF.DD.FEEE. 233 6,12,32,40,70,55,18
06 BB....ECCC.EAAG.F..G.FDDD 24 4,4,4,2,2,6,2
10 BBCCIF..HIFAAH.G.DD.G.EEE 127 1,2,6,7,14,19,26,23,17,10,2
05 GBBCCG...HGAA.H.DDEE...FF 104 10,20,26,24,22,2
05 GBBCCG...HGAA.H.DDEE..FFF 75 7,14,18,18,16,2
07 GBBCCG...IHAA.IHDDEEFF... 44 3,6,6,6,6,6,9,2
08 HBBCCH...JIAA.JIDDEEFFGG. 18 1,2,2,2,2,2,3,2,2
07 GBBCCG...IHAA.IHDDEEFFF.. 30 2,4,4,4,4,4,6,2
08 BBCCGE..FGEAAF.E.DDD..... 45 1,2,6,5,5,8,8,8,2
09 BBCCHF..GHFAAG.F.DDD..EE. 143 2,4,12,12,18,20,26,26,19,4
05 GBBCCG...HGAA.H..DDD.EEFF 141 13,26,40,36,24,2
09 BBCCHF..GHFAAG.F.DDD.EEE. 98 1,2,6,7,13,12,18,18,16,5
07 GBBB.G.CCIGAAHIDD.H.EEFF. 449 17,34,73,67,108,83,49,18
05 ....F..BBFAA.EG.D.EG.D.CC 92 8,12,32,26,12,2
13 D....DBBGHAAFGH.EF.I.ECCI 214 40,14,36,28,22,16,13,13,13,4,4,4,4,3
07 ....F..BBFAA.EG.D.EG.DCCC 34 4,4,8,2,2,4,8,2
07 ....F.BB.FAAE.G.DE.G.DCCC 28 14,2,4,1,1,2,2,2
08 ....G.BBFGAAEFH.DE.H.DCCC 32 8,2,4,1,1,2,6,5,3
10 .BBCCDDDHIGAAHIG.EEJGFFFJ 54 1,2,5,5,7,8,9,8,6,2,1
08 GBBB.G.CCIGAAHIDDDH.EEFF. 216 11,22,41,27,38,23,17,19,18
04 CBBB.C..D.CAAD....E....E. 16 2,4,4,4,2
04 DBBB.D..F.DAAF...E....ECC 90 48,16,14,8,4
04 EBBB.E..F.EAAF......CCDD. 48 4,8,8,16,12
07 BBB..GCCDDGAA.IH...IHEEFF 30 2,4,4,4,4,4,6,2
06 BBB..ECCC.EAAG.F..G.FDDD. 52 4,8,4,8,8,16,4
05 EBBCCEF..H.FAAH.GDDD.G... 16 3,3,3,3,3,1
05 EBBCCEF..HEFAAH.GDDD.G... 11 2,2,2,2,2,1
08 GBBB.GCCC.GAAH.DD.H.EEFF. 69 3,6,4,10,6,10,14,12,4
04 .EBBB.E.F.DAAF.D....DCCC. 42 12,14,4,8,4
07 ..BBBCCDDHAA.GHF..GIFEEEI 50 2,4,10,8,9,9,7,1
05 ......BBCCAAF.G.EF.G.E.DD 92 32,14,21,15,9,1
09 E....EBBCCAAG...FG.H.FDDH 164 64,23,33,21,12,7,1,1,1,1
05 .FBBB.F.G.EAAG.E.CC.EDDD. 61 10,13,6,16,12,4
04 ......BBCCAA..F.E..F.EDDD 46 10,12,16,5,3
05 E....EBBCCAA..G.F..G.FDDD 94 20,23,30,11,7,3
04 ......BBCC.EAAF.E..F.EDDD 6 1,1,2,1,1
05 E....EBBCC.FAAG.F..G.FDDD 14 2,2,4,2,2,2
05 E....EBBCCEFAAG.F..G.FDDD 8 1,1,2,1,1,2
05 FBBCCFDD.H.GAAH.G....GEEE 243 50,50,73,43,25,2
05 ..BBB.CCDDGAA.HG...HGEEFF 75 7,14,18,18,16,2
05 FBBCCFDD.HFGAAH.G....GEEE 159 32,32,47,29,17,2
05 .BBCC.F.DD.FAAH.G..H.GEEE 11 1,1,2,3,3,1
06 FBBCCFG.DD.GAAI.H..I.HEEE 36 3,3,6,9,9,5,1
07 FBBCCFH.DDGHAAJGI..J.IEEE 17 1,1,2,3,3,3,3,1
06 FBBCCFG.DDFGAAI.H..I.HEEE 25 2,2,4,6,6,4,1
04 .EBBBDE.F.DAAF.DCCC...... 15 3,4,2,2,4
05 .FBBBEF.G.EAAG.ECCC...DD. 44 6,8,4,8,10,8
05 .FBBBEF.G.EAAG.ECCC..DDD. 29 3,4,2,6,6,8
04 .E....EBBB.EAAF....F.CCDD 10 2,2,2,2,2
06 .G...EGBBBEGAAHF...HFCCDD 14 2,2,2,2,2,2,2
06 FBBCCFDD.HAA..H.GEEE.G... 254 51,62,72,34,29,5,1
07 ..EBB..EFG.AAFG.D....DCC. 420 99,41,84,68,68,46,10,4
09 ..EBB..EG.AAFG..DF.H.DCCH 140 38,9,20,18,19,18,4,8,4,2
06 BBB..FCCDDFAAH.G..H.GEEE. 26 2,4,2,4,4,8,2
08 ..FBBD.FGHDAAGH.E....ECC. 1032 310,110,208,126,122,82,42,24,8
06 .BBCC.DDEEAAH.I.GH.I.G.FF 204 70,20,29,27,35,18,5
13 DBBHID.FHIAAF...EG...EGCC 296 105,21,44,26,19,18,4,8,16,6,8,12,8,1
07 E.BBBECCCHAA.GHF..GIFDDDI 37 1,2,5,5,5,6,8,5
11 GBBCCGDDEEAAI...HI.J.HFFJ 344 136,31,43,39,47,27,11,6,1,1,1,1
07 BBB..GICCCGIAAJHDDDJHEEFF 29 3,4,4,4,4,4,5,1
06 .BBCC.DDEE.GAAH.G..H.GFFF 14 1,1,2,3,4,2,1
07 GBBCCGDDEE.HAAI.H..I.HFFF 32 2,2,4,6,8,5,3,2
07 GBBCCGDDEEGHAAI.H..I.HFFF 18 1,1,2,3,4,3,2,2
08 .EBBB.E.FGDAAFGD...HDCCCH 42 6,6,12,4,2,2,4,4,2
09 .FBBB.F.GHEAAGHE.CCIEDDDI 44 4,4,8,3,3,3,6,8,4,1
08 .EBBBDE.FGDAAFGDCCCH....H 12 1,1,2,1,1,1,2,1,2
09 .FBBBEF.GHEAAGHECCCI..DDI 28 2,2,4,2,2,2,4,4,4,2
09 .FBBBEF.GHEAAGHECCCI.DDDI 16 1,1,2,1,1,1,2,3,2,2
07 ..EBB..EFG.AAFG.D....DCCC 162 55,13,24,18,20,24,4,4
04 ..EBB..E.F.DAAF.D....DCCC 96 64,10,16,4,2
13 DBBGHD.FGHAAF...E....ECCC 388 167,33,56,26,20,24,4,4,12,4,8,16,12,2
07 ..EBB..EFG.AAFG.DCC..D... 204 59,33,49,26,19,12,4,2
08 ..FBBD.FGHDAAGH.ECC..E... 500 172,84,114,47,35,21,12,10,5
08 E.GBBE.GH.AA.HI.FCCI.FDD. 1095 471,171,232,71,53,40,22,20,15
09 D.GBBD.GH.EAAHIEFCCI.F... 214 79,31,41,17,16,9,8,5,4,4
07 ..EBB..EFG.AAFG.DCCC.D... 56 21,9,12,5,4,3,1,1
13 DBBGHD.FGHAAF...ECCC.E... 132 58,21,26,7,4,3,1,1,3,1,1,2,3,1
06 EBBB.E.CCHEAAGH.F.G..FDD. 317 26,35,62,56,80,46,12
06 EBBB.E.CCHEAAGH.F.G..FDDD 144 14,17,32,20,34,21,6
05 ..BB...CCGAA.FG.E.F..EDD. 468 40,64,128,112,100,24
08 ..FBB..FCC.AAGH.E.GH.EDD. 612 86,40,98,103,124,105,45,10,1
09 ..GBBE.GCCEAAHI.F.HI.FDD. 1095 192,79,185,164,198,151,73,35,16,2
08 .D..G.DBBGAAF...EF...ECCC 22 8,2,2,1,1,3,2,1,2
04 .BBB..CCC.AA.F..E.F..EDD. 64 6,10,8,24,16
06 .BBB..CCC.AAFG..EFG..EDD. 64 9,5,5,15,16,10,4
06 EBBB.ECCC.AA.G..F.G..FDD. 128 11,17,12,36,28,16,8
08 EBBB.ECCC.AAGH..FGH..FDD. 108 16,8,7,21,22,18,8,4,4
05 EBBB.ECCC.EAAG..F.G..FDD. 56 5,7,4,12,12,16
05 ..BB...CCGAA.FG.E.F..EDDD 222 24,32,64,44,46,12
04 .BBB..CCC.AA.F..E.F..EDDD 34 4,6,4,12,8
08 ..FBB..FCC.AAGH.E.GH.EDDD 189 42,8,18,19,26,39,27,9,1
06 EBBB.ECCC.AA.G..F.G..FDDD 67 7,10,6,18,14,8,4
05 EBBB.ECCC.EAAG..F.G..FDDD 29 3,4,2,6,6,8
15 EBBHIECCHIAAG...FG...FDDD 297 88,13,28,23,26,39,27,9,7,3,1,2,6,7,12,6
07 ..E....EBB.AAFG.D.FG.DCC. 258 48,28,67,60,36,14,4,1
05 ......BBB.AAEF..DEF..DCC. 32 9,5,5,7,4,2
05 D....DBBB.AA.F..E.F..ECC. 64 11,17,12,12,8,4
07 D....DBBB.AAFG..EFG..ECC. 56 16,8,7,9,8,4,2,2
04 D....DBBB.DAAF..E.F..ECC. 28 5,7,4,4,8
05 D....DBBB.AA.F..E.F..ECCC 35 7,10,6,6,4,2
04 D....DBBB.DAAF..E.F..ECCC 15 3,4,2,2,4
08 ..F..D.FBBDAAGH.E.GH.ECC. 500 112,56,128,97,58,26,12,9,2
07 ..E....EBB.AAFG.D.FG.DCCC 90 24,8,18,17,13,7,2,1
13 D..GHDBBGHAAF...EF...ECCC 155 52,13,28,21,13,7,2,1,3,1,2,2,6,4
06 .G...EGBBBEHAAIFH..IFCCDD 7 1,1,1,1,1,1,1
05 .D....DBBBAA..F.E..F.ECCC 11 2,2,2,1,1,3
05 .FBBB.F..H.GAAHEG...ECCDD 26 3,3,6,6,6,2
09 D.G..D.GBBEAAH.EF.HI.FCCI 154 34,12,31,25,22,12,8,5,3,2
06 .GBBBEG..IEHAAIFH...FCCDD 12 1,1,2,2,2,2,2
05 .FBBB.F..HEGAAHEG...ECCDD 18 2,2,4,4,4,2
05 .DBBB.D..FAA..F.E....ECCC 26 4,4,8,4,2,4
05 ..BBF...EFAA.EG.D..G.D.CC 130 14,18,44,30,20,4
04 .EBBB.E..F.EAAF...CC...DD 172 45,45,62,19,1
12 DBB.HD.FGHAAFG..E..I.ECCI 450 119,33,76,39,31,31,24,22,25,8,14,18,10
04 ..E....EBB.DAAF.D..F.DCCC 27 16,4,4,2,1
07 ..BBF...EFAA.EG.D..G.DCCC 54 8,8,16,4,2,4,8,4
07 .BB.F..E.FAAE.G.D..G.DCCC 55 32,4,8,2,1,2,2,4
08 .BB.G..EFGAAEFH.D..H.DCCC 57 20,4,8,2,1,2,6,6,8
06 .IBBBGI.CCGIAAJHDD.JHEEFF 119 20,20,28,26,17,7,1
14 DBBGHD.FGHAAF.I.ECCI.E... 154 50,20,45,12,6,5,1,1,3,1,1,2,3,3,1
15 EBBHIE.GHIAAG.J.FCCJ.F.DD 299 115,37,79,29,11,7,3,1,3,1,1,2,3,3,3,1
05 E....EBBCCEAA.G.F..G.FDDD 47 10,11,14,6,4,2
05 ....F.BBBFAA.EG.D.EG.D.CC 50 4,6,16,14,8,2
06 BBB...ECCC.EAAG.F..G.FDDD 13 2,2,2,1,1,3,2
07 D...GDBBBGAA.FH.E.FH.E.CC 92 7,10,26,22,14,8,4,1
06 D...GDBBBGDAAFH.E.FH.E.CC 38 3,4,10,8,6,5,2
07 ....F.BBBFAA.EG.D.EG.DCCC 18 2,2,4,1,1,2,4,2
09 D...GDBBBGAA.FH.E.FH.ECCC 31 3,3,6,2,2,3,6,3,2,1
08 D...GDBBBGDAAFH.E.FH.ECCC 12 1,1,2,1,1,1,2,1,2
09 .BB.HCCDDHAAG...FG...FEEE 75 36,4,4,2,2,4,4,8,7,4
05 .F....FBBB.GAAHEG..HECCDD 16 3,3,3,3,3,1
05 .F....FBBBEGAAHEG..HECCDD 11 2,2,2,2,2,1
04 ..BB..CCC.AA.F..E.F..EDD. 96 12,20,16,32,16
06 ..BB..CCC.AAFG..EFG..EDD. 96 18,10,10,22,20,12,4
06 E.BB.ECCC.AA.G..F.G..FDD. 192 22,34,24,48,36,20,8
08 E.BB.ECCC.AAGH..FGH..FDD. 164 32,16,14,30,30,22,10,6,4
05 E.BB.ECCC.EAAG..F.G..FDD. 84 10,14,8,16,20,16
04 ..BB..CCC.AA.F..E.F..EDDD 52 8,12,8,16,8
06 E.BB.ECCC.AA.G..F.G..FDDD 102 14,20,12,24,18,10,4
05 E.BB.ECCC.EAAG..F.G..FDDD 44 6,8,4,8,10,8
06 ..EBB..EF..AAF..D....DCC. 160 60,28,22,22,22,4,2
07 ..EBB..EG.AAFG..DF...DCC. 60 25,7,6,6,8,2,4,2
07 ..FBBD.FG.DAAG..E....ECC. 420 191,77,44,44,36,16,8,4
06 ..BBG..CCGAA.FH.E.FH.E.DD 234 16,24,64,60,50,18,2
11 DBBH.D.FH.AAF...EG...EGCC 140 72,17,10,6,8,2,4,8,2,4,6,1
08 .BB.H.CCGH.AAGI.EF.I.EFDD 247 32,10,26,23,33,47,44,25,7
15 E..BBECCHIAAGHI.FG.J.FDDJ 406 68,17,42,30,35,47,46,34,28,22,7,7,7,7,6,3
08 ..BBG..CCGAA.FH.E.FH.EDDD 78 8,8,16,4,4,8,16,12,2
08 .BB.G.CC.GAAF.H.EF.H.EDDD 56 34,2,4,1,1,2,2,6,4
09 .BB.H.CCGHAAFGI.EF.I.EDDD 55 14,2,4,1,1,2,6,7,12,6
06 ..EBB..EF..AAF..D....DCCC 72 35,9,6,6,12,2,2
10 E.HBBE.HCCFAAI.FG.IJ.GDDJ 299 44,15,39,38,63,46,28,15,6,3,2
11 DBBG.D.FG.AAF...E....ECCC 186 109,23,10,6,12,2,2,6,2,4,8,2
06 ..EBB..EF..AAF..DCC..D... 98 40,24,13,10,8,2,1
07 ..FBBD.FG.DAAG..ECC..E... 258 122,64,25,21,14,6,4,2
05 D....DBBBGDAAFG..EF...ECC 28 4,2,6,5,5,6
04 .D....DBBB.DAAF..E.F..ECC 15 6,2,4,1,2
07 E.GBBE.GH..AAH..FCC..FDD. 612 356,134,36,29,26,14,10,7
06 ..EBB..EF..AAF..DCCC.D... 32 15,7,3,2,3,1,1
11 DBBG.D.FG.AAF...ECCC.E... 81 44,17,5,2,3,1,1,3,1,1,2,1
06 E.BB.ECCCHEAAGH..FG...FDD 83 8,4,12,12,18,17,12
05 .E.BB.ECCC.EAAG..F.G..FDD 50 18,6,12,7,5,2
04 ..BB...CC.AA.F..E.F..EDD. 160 24,40,32,48,16
07 ..FBB..FCC.AAG..E.G..EDD. 240 54,30,32,44,47,25,7,1
08 ..GBBE.GCCEAAH..F.H..FDD. 458 124,62,53,79,72,39,19,8,2
04 ..BB...CC.AA.F..E.F..EDDD 88 16,24,16,24,8
07 ..FBB..FCC.AAG..E.G..EDDD 88 28,6,6,7,17,16,7,1
13 EBBH.ECCH.AAG...FG...FDDD 151 61,10,8,7,17,16,7,5,3,1,2,6,5,3
05 ..BB..CCCGAA.FG.E.F..EDD. 272 20,32,64,64,68,24
07 ..BB..CCCHAAFGH.EFG..EDD. 238 28,12,30,34,52,43,29,10
05 .BBCC..F.GAAF.G.E....E.DD 206 80,22,44,34,22,4
07 E.BB.ECCCHAA.GH.F.G..FDD. 522 36,54,104,96,114,70,36,12
10 E.BB.E.CCCAAGH..FGHI.FDDI 378 48,18,46,46,70,61,46,21,11,9,2
09 EBBCCE.G..AAG...F..H.FDDH 516 230,54,104,66,38,12,2,4,4,2
06 E.BB.ECCCHEAAGH.F.G..FDD. 222 16,22,40,32,46,42,24
05 ..BB..CCCGAA.FG.E.F..EDDD 126 12,16,32,24,30,12
07 E.BB.ECCCHAA.GH.F.G..FDDD 234 20,26,52,36,48,30,16,6
06 E.BB.ECCCHEAAGH.F.G..FDDD 97 8,10,20,12,18,17,12
04 .BBCC....FAA..F.E....EDDD 94 19,21,34,14,6
04 .BBCC....F.EAAF.E....EDDD 44 10,10,16,6,2
05 EBBCCE...GAA..G.F....FDDD 266 53,57,94,42,16,4
05 EBBCCE...GEAA.G.F....FDDD 170 34,36,60,28,10,2
05 EBBCCEF..H.FAAH.G....GDDD 26 3,3,6,6,6,2
06 EBBCCEG..IFGAAIFH....HDDD 12 1,1,2,2,2,2,2
05 EBBCCEF..HEFAAH.G....GDDD 18 2,2,4,4,4,2
05 .BBCC..F.GAAF.G.E.DD.E... 116 42,16,28,17,11,2
09 EBBCCE.G..AAG.H.FDDH.F... 264 107,35,58,33,19,6,1,2,1,2
10 FBBCCF.H..AAH.I.GDDI.GEE. 578 267,57,98,85,47,14,1,2,3,2,2
05 EBBCCE...GEAA.G..FDD..F.. 28 10,4,4,4,4,2
06 FBBCCF...HAA..H.G.DD.GEEE 536 108,116,175,99,31,6,1
05 FBBCCF...H.GAAH.G.DD.GEEE 189 39,39,57,38,15,1
05 FBBCCF...HFGAAH.G.DD.GEEE 125 25,25,37,26,11,1
04 .BBCC....FAA..F.EDDD.E... 51 11,13,17,6,4
05 EBBCCE...GAA..G.FDDD.F... 130 27,31,41,17,12,2
06 FBBCCF...HAA..H.GDDD.G.EE 400 82,90,122,67,33,5,1
06 FBBCCF...HAA..H.GDDD.GEEE 270 55,59,81,50,21,3,1
06 EBBCCEG..IFGAAIFHDDD.H... 7 1,1,1,1,1,1,1
06 .BBCC.FDDD.FAAH.FG.H..GEE 26 6,2,4,5,6,2,1
07 FBBCCFGDDD.GAAI.GH.I..HEE 72 15,5,10,13,16,8,4,1
07 FBBCCFGDDDFGAAI.GH.I..HEE 46 9,3,6,8,10,6,3,1
05 .BBCC.DD.HAAG.H.FG...FEE. 460 167,50,85,72,67,19
10 FBBCCF.HDDAAH...G..I.GEEI 1012 428,108,173,128,109,41,8,5,6,4,2
05 .BBCC...DDAA..G.F..G.FEEE 261 51,57,86,43,22,2
04 DBBB.D..F.DAAF...ECC..E.. 22 10,4,2,4,2
07 BB...FHCCCFHAAIGH..IGDDEE 36 5,5,5,5,5,5,5,1
07 FBBCCFGDDDFGAAI..H.I..HEE 238 112,22,34,24,26,14,5,1
06 BB..F.D..F.DAAG.E..G.ECCC 17 2,2,4,3,1,3,2
07 FBBB.FCCH.AAGH...GDD.EE.. 183 47,18,13,31,23,29,18,4
05 ..FBB..F.G.EAAG.E.CC.EDDD 159 96,18,28,12,4,1
09 .EBBH.EG.HAAG...F.CC.FDDD 40 6,2,4,4,3,7,5,4,3,2
04 ..EBB.DE.F.DAAF.DCCC..... 15 6,2,4,1,2
05 ..FBB.EF.G.EAAG.ECCC...DD 50 18,6,12,7,5,2
06 ..GBB.FG.H.FAAH.FCCC.DDEE 26 6,2,4,5,6,2,1
07 ..HBB.GH.I.GAAIFGCCCFDDEE 72 15,5,10,13,16,8,4,1
07 ..HBB.GH.IFGAAIFGCCCFDDEE 46 9,3,6,8,10,6,3,1
05 ..FBB.EF.G.EAAG.ECCC..DDD 35 12,4,8,6,3,2
08 ..IBBFHI.JFHAAJGHCCCGDDEE 24 3,1,2,3,4,4,4,2,1
04 .BBCC.E..F.EAAF.EDDD..... 10 2,2,2,2,2
06 EBBCCEG..HFGAAHFGDDD..... 14 2,2,2,2,2,2,2
06 GBBCCGDD.JHIAAJHI.EE.IFFF 119 20,20,28,26,17,7,1
08 .DBBG.DF.GAAF...E....ECCC 36 10,2,4,2,2,6,4,4,2
05 FBBCCFDDDH.GAAH.G....GEEE 113 22,22,27,23,17,2
06 .BBCCGIDDDGIAAJH...JHEEFF 36 4,4,6,7,8,6,1
05 FBBCCFDDDHFGAAH.G....GEEE 73 14,14,17,15,11,2
09 .EBBH.ECCHAAG...FG...FDDD 32 14,2,2,1,1,3,2,3,2,2
06 FBBCCFDDDIGHAAIGH....HEEE 40 7,7,8,8,6,3,1
06 .BBB...EFGAAEFG.D....DCC. 186 41,9,20,22,38,32,24
04 .DBBB.D..F.DAAF..E....ECC 96 64,10,16,4,2
06 DBBB.D..FGAA.FG.E....ECC. 378 47,59,96,64,72,24,16
08 BBCCG..F.GAAF...E....EDDD 64 28,4,8,4,2,4,4,8,2
09 D.BBBD.FG.AAFG..E..H.ECCH 388 111,21,44,34,56,42,36,20,20,4
09 BBCCH..G.HAAG...F.DD.FEEE 100 38,8,16,12,4,5,4,6,5,2
05 DBBB.D..FGDAAFG.E....ECC. 210 30,36,56,32,40,16
09 BBCCH.DD.HAAG...FG...FEEE 121 60,6,8,4,3,6,6,16,10,2
04 .EBBB.E..F.EAAF......CCDD 44 10,10,16,6,2
10 BBCCI.DD.IAAH...GHEE.GFFF 51 8,2,4,4,3,5,4,6,7,6,2
05 EBBCCEF..G.FAAG.FDDD..... 32 6,6,6,6,6,2
06 DBBB.D..FGAA.FG.E....ECCC 192 29,33,54,24,34,10,8
05 EBBCCEF..GEFAAG.FDDD..... 22 4,4,4,4,4,2
05 DBBB.D..FGDAAFG.E....ECCC 108 18,20,32,12,18,8
06 .BBB...EFGAAEFG.DCC..D... 76 23,7,11,9,12,8,6
06 DBBB.D..FGAA.FG.ECC..E... 213 35,47,59,28,28,10,6
09 D.BBBD.FG.AAFGH.ECCH.E... 155 57,15,21,13,17,11,10,5,4,2
07 .BBB...FGHAAFGH.ECC..EDD. 151 66,10,15,11,16,15,12,6
10 E.BBBE.GH.AAGHI.FCCI.FDD. 297 152,20,27,15,21,18,16,13,8,5,2
05 DBBB.D..FGDAAFG.ECC..E... 120 22,28,34,14,16,6
07 FBBCCFH..IGHAAIGHDDDEE... 36 5,5,5,5,5,5,5,1
06 DBBB.D..FGAA.FG.ECCC.E... 85 17,21,25,8,9,3,2
08 GBBCCGI..JHIAAJHIDDDEEFF. 9 1,1,1,1,1,1,1,1,1
05 DBBB.D..FGDAAFG.ECCC.E... 47 10,12,14,4,5,2
05 .BBB...CCGAA.FG.E.F..EDD. 300 20,32,64,72,88,24
08 .BBB...FCCAAFG..E.GH.EDDH 328 38,12,31,41,74,66,51,13,2
07 EBBB.E.CCHAA.GH.F.G..FDD. 659 46,67,126,128,168,78,34,12
07 GBBCCGDDDJHIAAJHIEEEFFF.. 29 3,4,4,4,4,4,5,1
10 E.BBBE.CC.AAGH..FGHI.FDDI 553 80,23,57,61,108,89,68,30,21,12,4
05 .BBB...CCGAA.FG.E.F..EDDD 138 12,16,32,26,40,12
07 EBBB.E.CCHAA.GH.F.G..FDDD 299 26,33,64,46,74,35,15,6
05 .BBB...EF.AAEF..D....DCC. 72 25,7,6,14,12,8
05 DBBB.D..F.AA.F..E....ECC. 128 28,36,16,32,8,8
07 DBBB.D.FG.AAFG..E....ECC. 162 69,17,10,22,16,12,8,8
04 DBBB.D..F.DAAF..E....ECC. 72 18,22,8,16,8
05 DBBB.D..F.AA.F..E....ECCC 74 19,23,8,16,4,4
04 DBBB.D..F.DAAF..E....ECCC 42 12,14,4,8,4
05 .BBB...EF.AAEF..DCC..D... 40 16,6,4,7,5,2
05 DBBB.D..F.AA.F..ECC..E... 84 22,30,8,16,4,4
07 DBBB.D.FG.AAFG..ECC..E... 90 42,14,6,11,7,4,4,2
06 .BBB...FG.AAFG..ECC..EDD. 88 49,9,4,9,8,7,2
08 EBBB.E.GH.AAGH..FCC..FDD. 189 118,19,6,13,10,9,6,6,2
04 DBBB.D..F.DAAF..ECC..E... 48 14,18,4,8,4
05 .EBBB.E.CC.EAAG..F.G..FDD 159 96,18,28,12,4,1
05 DBBB.D..F.AA.F..ECCC.E... 46 13,17,4,8,2,2
04 DBBB.D..F.DAAF..ECCC.E... 26 8,10,2,4,2
05 .GBBB.G.CC.GAAHF...HFDDEE 189 39,39,57,38,15,1
05 .GBBB.G.CCFGAAHF...HFDDEE 125 25,25,37,26,11,1
04 ..BBB...CC.EAAF.E..F.EDDD 113 28,28,40,16,1
04 .BBB...CC.AA.F..E.F..EDD. 104 12,20,16,40,16
06 .BBB...CC.AAFG..EFG..EDD. 130 24,10,11,29,29,21,6
06 EBBB.E.CC.AA.G..F.G..FDD. 234 28,42,28,72,40,16,8
07 .BBCC..DDDAAG.H.FG.H.FEE. 221 75,22,36,26,32,18,10,2
08 EBBB.E.CC.AAGH..FGH..FDD. 234 52,20,17,45,41,29,14,10,6
04 .BBB...CC.AA.F..E.F..EDDD 56 8,12,8,20,8
06 EBBB.E.CC.AA.G..F.G..FDDD 125 18,25,14,36,20,8,4
10 FBBCCF.DDDAAH...GH.I.GEEI 470 187,44,70,50,58,32,17,6,3,2,1
05 .BBCC..DDDAA..G.F..G.FEEE 167 32,36,52,29,16,2
07 EBBBHE.CCHEAAGI.F.GI.F.DD 145 10,13,32,29,32,21,7,1
09 EBBBHE.CCHEAAGI.F.GI.FDDD 44 4,4,8,3,3,3,6,8,4,1
10 F.BBBFCCDDAAH...GH.I.GEEI 350 150,30,47,34,33,29,17,5,2,2,1
05 ..BBB.CCDDAA..G.F..G.FEEE 128 26,30,40,20,10,2
05 ..BBB.CCDD.FAAG.F..G.FEEE 16 2,2,4,4,3,1
06 F.BBBFCCDD.GAAH.G..H.GEEE 37 4,4,8,8,6,5,2
06 F.BBBFCCDDFGAAH.G..H.GEEE 21 2,2,4,4,3,4,2
06 .BBBG.CCCGAA.FH.E.FH.E.DD 80 4,6,16,18,22,12,2
08 EBBBHECCCHAA.GI.F.GI.F.DD 144 7,10,26,28,34,22,11,5,1
07 EBBBHECCCHEAAGI.F.GI.F.DD 59 3,4,10,10,12,10,8,2
08 BBCCG..F.GAAF...EDDD.E... 23 8,2,4,1,2,2,1,2,1
08 .BBBG.CCCGAA.FH.E.FH.EDDD 24 2,2,4,1,1,2,4,6,2
09 BBCCH..G.HAAG...FDDD.F.EE 68 24,6,12,7,5,4,3,3,3,1
10 EBBBHECCCHAA.GI.F.GI.FDDD 41 3,3,6,2,2,3,6,9,4,2,1
09 EBBBHECCCHEAAGI.F.GI.FDDD 16 1,1,2,1,1,1,2,3,2,2
09 BBCCH..G.HAAG...FDDD.FEEE 45 16,4,8,6,3,2,2,1,2,1
04 ..BBB..CCC.EAAF.E..F.EDDD 51 12,12,16,10,1
05 .BBB..CCCGAA.FG.E.F..EDD. 178 10,16,32,40,56,24
07 .BBB..CCCHAAFGH.EFG..EDD. 157 14,6,15,19,36,33,24,10
07 EBBB.ECCCHAA.GH.F.G..FDD. 341 18,27,52,60,88,54,30,12
10 E.BBBECCC.AAGH..FGHI.FDDI 246 24,9,23,26,49,44,37,17,7,7,3
06 EBBB.ECCCHEAAGH.F.G..FDD. 145 8,11,20,20,32,30,24
05 .BBB..CCCGAA.FG.E.F..EDDD 80 6,8,16,14,24,12
05 EBBCCE...GEAA.G.FDDD.F... 78 16,18,24,11,8,1
07 EBBB.ECCCHAA.GH.F.G..FDDD 149 10,13,26,21,37,23,13,6
06 EBBB.ECCCHEAAGH.F.G..FDDD 62 4,5,10,7,13,11,12
06 GBBCCG...JHIAAJHIDDD.EEFF 36 4,4,6,7,8,6,1
07 FBBCCFH..IGHAAIGHDDDEEE.. 22 3,3,3,3,3,3,3,1
04 .EBBB.E..F.EAAF...CC..DDD 113 28,28,40,16,1
05 .FBBB.F..H.GAAH.G.CC.DDEE 11 1,1,2,3,3,1
06 .GBBB.G..I.HAAIFH.CCFDDEE 36 3,3,6,9,9,5,1
07 .HBBBFH..JFIAAJGI.CCGDDEE 17 1,1,2,3,3,3,3,1
06 .GBBB.G..IFHAAIFH.CCFDDEE 25 2,2,4,6,6,4,1
04 .EBBB.E..F.EAAF.CCDD..... 6 1,1,2,1,1
05 .FBBB.F..GEFAAGECCDD..... 14 2,2,4,2,2,2
05 .FBBBEF..GEFAAGECCDD..... 8 1,1,2,1,1,2
05 .FBBB.F..G.FAAG.CCDD...EE 22 3,3,6,5,4,1
06 .GBBB.G..HFGAAHFCCDD...EE 51 6,6,12,10,8,7,2
06 .GBBBFG..HFGAAHFCCDD...EE 29 3,3,6,5,4,6,2
06 .GBBB.G..H.GAAH.CCDD.EEFF 14 1,1,2,3,4,2,1
07 .HBBB.H..IGHAAIGCCDD.EEFF 32 2,2,4,6,8,5,3,2
07 .HBBBGH..IGHAAIGCCDD.EEFF 18 1,1,2,3,4,3,2,2
05 .FBBB.F..G.FAAG.CCDD..EEE 16 2,2,4,4,3,1
06 .GBBB.G..HFGAAHFCCDD..EEE 37 4,4,8,8,6,5,2
06 .GBBBFG..HFGAAHFCCDD..EEE 21 2,2,4,4,3,4,2
07 GBBCCGDDDJHIAAJHIEEEFF... 50 5,7,7,7,7,7,9,1
04 .EBBB.E..F.EAAF..CCC...DD 74 18,18,24,13,1
08 HBBCCHDDDKIJAAKIJEEEFFGG. 9 1,1,1,1,1,1,1,1,1
08 BBCC.GIDDDGIAAJHI..JHEEFF 9 1,1,1,1,1,1,1,1,1
05 .GBBB.G..H.GAAHFCCC.FDDEE 113 22,22,27,23,17,2
05 .GBBB.G..HFGAAHFCCC.FDDEE 73 14,14,17,15,11,2
04 .EBBB.E..F.EAAF..CCC..DDD 51 12,12,16,10,1
06 .HBBBFH...FHAAIGCCCIGDDEE 40 7,7,8,8,6,3,1
06 .EBBB.E..G.FAAG.FCCCDD... 24 4,4,4,2,2,6,2
06 .EBBB.E..G.FAAG.FCCCDDD.. 13 2,2,2,1,1,3,2
08 BBCC.HJDDDHJAAKIEEEKIFFGG 9 1,1,1,1,1,1,1,1,1
04 .CBBB.C..D.CAAD....E....E 19 4,4,8,2,1
05 .BBBF...EFAA.EG.D..G.D.CC 75 7,9,22,17,16,4
07 DBBBGD..FGAA.FH.E..H.E.CC 193 19,23,54,37,34,16,8,2
07 BBB..FHCCCFHAAIGH..IGDDEE 22 3,3,3,3,3,3,3,1
06 DBBBGD..FGDAAFH.E..H.E.CC 108 12,14,32,20,18,10,2
06 .DBBB.D..F.EAAF.E..GCC..G 17 2,2,4,3,1,3,2
05 .DBBB.D..E.DAAECC..F....F 21 4,4,8,2,1,2
07 .BBBF...EFAA.EG.D..G.DCCC 29 4,4,8,2,1,2,4,4
09 DBBBGD..FGAA.FH.E..H.ECCC 73 10,10,20,6,3,4,8,8,2,2
05 .GBBB.G..H.GAAHFCC..FDDEE 243 50,50,73,43,25,2
05 .GBBB.G..HFGAAHFCC..FDDEE 159 32,32,47,29,17,2
08 DBBBGD..FGDAAFH.E..H.ECCC 42 6,6,12,4,2,2,4,4,2
06 .BBBG..CCGAA.FH.E.FH.E.DD 142 8,12,32,34,38,16,2
08 EBBBHE.CCHAA.GI.F.GI.F.DD 302 18,25,64,63,70,39,16,6,1
08 .BBBG..CCGAA.FH.E.FH.EDDD 44 4,4,8,2,2,4,8,10,2
10 EBBBHE.CCHAA.GI.F.GI.FDDD 91 8,8,16,5,5,7,14,18,6,3,1
05 EBBB.E.CC.EAAG..F.G..FDD. 114 16,22,12,32,24,8
05 EBBB.E.CC.EAAG..F.G..FDDD 61 10,13,6,16,12,4
10 E.HBBE.HI.FAAIJFGCCJ.GDD. 406 186,50,67,22,20,16,15,12,8,6,4
08 E.HBBE.HI.FAAI.FGCC..GDD. 247 148,42,11,13,9,10,7,5,2
05 E....EBBCCEAA.G..F.G..FDD 18 4,2,4,2,2,4
04 D....DBBB.DAAF...EF...ECC 14 4,2,2,2,4
07 GBBCCGDDEEGAA.I..H.I..HFF 38 4,2,4,6,8,6,4,4
07 GBBCCGDDEE.HAAJ.HI.J.HIFF 36 6,2,4,6,8,5,3,2
06 F..BBFCCDDFAA.H..G.H..GEE 64 12,6,12,10,8,12,4
08 FBBCCFHDDDGHAAJGHI.J..IEE 24 3,1,2,3,4,4,4,2,1
05 E.BB.ECCC.EAAG...FG...FDD 42 8,4,4,8,10,8
05 DBBB.D..FGDAAFG..ECC..E.. 31 10,4,6,4,5,2
05 EBBB.ECCC.EAAG...FG...FDD 28 4,2,2,6,6,8
04 .DBBB.D..F.DAAF..ECC..E.. 27 16,4,4,2,1
08 FBBB.FCCHIAAGHI..GDD.EE.. 343 47,18,31,34,51,52,58,48,4
07 .FBBB.FCCHAAG.H..GDD.EE.. 244 90,34,42,35,20,16,5,2
06 F.BBBFCCDDFAA.H..G.H..GEE 46 8,4,8,8,6,8,4
06 EBBB.ECCCHEAAGH..FG...FDD 55 4,2,6,7,13,11,12
05 .EBBB.ECCC.EAAG..F.G..FDD 35 12,4,8,6,3,2
